1749410735375 0.18485428392887115 0
1749410768546 0.5443296432495117 1
1749410801496 0.5910997986793518 2
1749410834208 0.6075271964073181 3
1749410866919 0.6637884378433228 4
1749410899873 0.6536123156547546 5
1749410932577 0.6571090221405029 6
1749410965193 0.6653583645820618 7
1749410998424 0.6566094756126404 8
1749411031037 0.7015385627746582 9
1749411063779 0.6957154870033264 10
1749411096664 0.7093883156776428 11
1749411130574 0.7089458703994751 12
1749411163596 0.6997259855270386 13
1749411196494 0.7007821202278137 14
1749411229321 0.7156966328620911 15
1749411262301 0.6894499659538269 16
1749411295514 0.7036222815513611 17
1749411328369 0.710044801235199 18
1749411361502 0.7221762537956238 19
1749411394477 0.7205777168273926 20
1749411427683 0.7093740105628967 21
1749411460967 0.7178232073783875 22
1749411494447 0.7200639247894287 23
1749411527485 0.7281134724617004 24
1749411560289 0.7126138210296631 25
1749411593225 0.7270858883857727 26
1749411626586 0.7202494740486145 27
1749411659801 0.7342362999916077 28
1749411692807 0.7388462424278259 29
1749411726046 0.7169811129570007 30
1749411759347 0.7417577505111694 31
1749411792559 0.713141918182373 32
1749411825818 0.7202209234237671 33
1749411859011 0.7288556694984436 34
1749411892099 0.7330517172813416 35
1749411925210 0.7175948619842529 36
1749411957930 0.7481945753097534 37
1749411990844 0.7292124629020691 38
1749412023965 0.7396597266197205 39
1749412057050 0.7493934035301208 40
1749412089747 0.7444837689399719 41
1749412122759 0.7264007925987244 42
1749412156121 0.7495647072792053 43
1749412189584 0.7347643375396729 44
1749412222923 0.7166100740432739 45
1749412255992 0.7419290542602539 46
1749412288982 0.7552165389060974 47
1749412321847 0.7493363618850708 48
1749412354807 0.7402306199073792 49
1749412387684 0.7294265627861023 50
1749412420517 0.7672622799873352 51
1749412453439 0.74422687292099 52
1749412486398 0.7650501132011414 53
1749412519355 0.7474381327629089 54
1749412552387 0.7504638433456421 55
1749412585420 0.7748408913612366 56
1749412618535 0.7767819166183472 57
1749412651514 0.7508206367492676 58
1749412684608 0.7578997015953064 59
1749412717822 0.7534324526786804 60
1749412751114 0.7471526861190796 61
1749412784167 0.7427282929420471 62
1749412817198 0.7583563923835754 63
1749412850329 0.7703736424446106 64
1749412883160 0.7394599318504333 65
1749412915923 0.7769103646278381 66
1749412949021 0.7755402326583862 67
1749412982040 0.7748551368713379 68
1749413015318 0.7666628360748291 69
1749413048403 0.7693317532539368 70
1749413081602 0.7631376385688782 71
1749413114700 0.7787229418754578 72
1749413148043 0.7537464499473572 73
1749413181062 0.7893843054771423 74
1749413214191 0.7581138014793396 75
1749413247343 0.7789798378944397 76
1749413280370 0.7603402733802795 77
1749413313548 0.7712299823760986 78
1749413346568 0.7797933220863342 79
1749413379869 0.7849456071853638 80
1749413412855 0.7731282114982605 81
1749413445981 0.7754831314086914 82
1749413479075 0.7902548909187317 83
1749413512139 0.7848171591758728 84
1749413545400 0.7892701029777527 85
1749413578558 0.7788228392601013 86
1749413611745 0.75407475233078 87
1749413645047 0.7756258249282837 88
1749413678081 0.7893700003623962 89
1749413711244 0.7790797352790833 90
1749413744455 0.7828047871589661 91
1749413777667 0.7791082859039307 92
1749413811063 0.7839608192443848 93
1749413844278 0.7684040665626526 94
1749413877528 0.7887563109397888 95
1749413910804 0.7665343880653381 96
1749413944124 0.7912396788597107 97
1749413977389 0.7802643179893494 98
1749414010634 0.7712014317512512 99
1749414043751 0.7754688262939453 100
1749414076879 0.7800930738449097 101
1749414110046 0.7616533041000366 102
1749414143310 0.7794222831726074 103
1749414176517 0.7711871862411499 104
1749414209611 0.7755259275436401 105
1749414242937 0.7758399248123169 106
1749414275870 0.7957639694213867 107
1749414308955 0.768832266330719 108
1749414341912 0.8101218938827515 109
1749414375119 0.7937943935394287 110
1749414408204 0.7319812774658203 111
1749414441296 0.7914109826087952 112
1749414474663 0.8035423755645752 113
1749414507855 0.7978619933128357 114
1749414541286 0.7809208631515503 115
1749414574487 0.8043987154960632 116
1749414607835 0.7614249587059021 117
1749414641242 0.8020580410957336 118
1749414674271 0.7953643798828125 119
1749414707645 0.794022798538208 120
1749414741077 0.7971341013908386 121
1749414774139 0.7949361801147461 122
1749414807258 0.788570761680603 123
1749414840255 0.7792081832885742 124
1749414873787 0.7835612297058105 125
1749414906948 0.786858081817627 126
1749414939977 0.7812776565551758 127
1749414973400 0.7830759286880493 128
1749415006664 0.7930237054824829 129
1749415039959 0.762666642665863 130
1749415073084 0.8030571341514587 131
1749415106256 0.7926954627037048 132
1749415139512 0.7847030162811279 133
1749415172799 0.7793651819229126 134
1749415206005 0.7921959161758423 135
1749415239186 0.787129282951355 136
1749415272085 0.7949790358543396 137
1749415305457 0.8021436929702759 138
1749415338655 0.7790797352790833 139
1749415371937 0.7989609837532043 140
1749415404924 0.7753832340240479 141
1749415438024 0.7876288294792175 142
1749415471259 0.7656352519989014 143
1749415504464 0.7888134121894836 144
1749415537509 0.7957925200462341 145
1749415570733 0.7912825345993042 146
1749415603807 0.7901407480239868 147
1749415636926 0.7795078754425049 148
1749415669960 0.7869437336921692 149
1749415702901 0.7880427241325378 150
1749415735975 0.7887848615646362 151
1749415769312 0.7905831933021545 152
1749415802540 0.7976194024085999 153
1749415835686 0.7825906872749329 154
1749415868848 0.8026003837585449 155
1749415901915 0.8017440438270569 156
1749415935297 0.7893985509872437 157
1749415968381 0.8051123023033142 158
1749416001539 0.7867867350578308 159
1749416034756 0.7979333996772766 160
1749416067937 0.7905831933021545 161
1749416101120 0.7797505259513855 162
1749416134135 0.8012017011642456 163
1749416167204 0.79375159740448 164
1749416200273 0.7967487573623657 165
1749416233283 0.7865155935287476 166
1749416266311 0.7642651200294495 167
1749416299307 0.7891987562179565 168
1749416332232 0.7969486117362976 169
1749416365307 0.7686895132064819 170
1749416398386 0.7998601198196411 171
1749416431461 0.7968772053718567 172
1749416464502 0.7967202067375183 173
1749416497585 0.7931950092315674 174
1749416530828 0.793095052242279 175
1749416564194 0.7928952574729919 176
1749416597364 0.7892130017280579 177
1749416630272 0.7992464303970337 178
1749416663527 0.7994034290313721 179
1749416696732 0.7770958542823792 180
1749416729970 0.8034852743148804 181
1749416763272 0.7973482012748718 182
1749416796468 0.7840750217437744 183
1749416829841 0.8092227578163147 184
1749416863035 0.7703022956848145 185
1749416896168 0.807795524597168 186
1749416929325 0.8140467405319214 187
1749416962706 0.7981902956962585 188
1749416995881 0.769146203994751 189
1749417029283 0.8014015555381775 190
1749417062562 0.8036993741989136 191
1749417095764 0.7739845514297485 192
1749417128992 0.8046270608901978 193
1749417162440 0.786601185798645 194
1749417195653 0.7690606117248535 195
1749417229044 0.8046984076499939 196
1749417262424 0.7826477885246277 197
1749417295635 0.8136328458786011 198
1749417329018 0.8080095648765564 199
