1749771288037 1.2855815887451172 1
1749771291682 1.272487759590149 2
1749771295254 1.252943515777588 3
1749771298886 1.245056390762329 4
1749771302615 1.237533688545227 5
1749771306019 1.2373069524765015 6
1749771309657 1.231960654258728 7
1749771313119 1.2244197130203247 8
1749771316496 1.2253121137619019 9
1749771320030 1.2207887172698975 10
1749771323561 1.2216930389404297 11
1749771327009 1.2217351198196411 12
1749771330469 1.208296298980713 13
1749771333959 1.213128685951233 14
1749771337495 1.2153003215789795 15
1749771341080 1.2238448858261108 16
1749771344524 1.2087990045547485 17
1749771348046 1.21169114112854 18
1749771351626 1.2089076042175293 19
1749771355086 1.204524278640747 20
1749771358604 1.2048004865646362 21
1749771362120 1.2060842514038086 22
1749771365614 1.2086998224258423 23
1749771369147 1.1990694999694824 24
1749771372887 1.2056679725646973 25
1749771377195 1.1982723474502563 26
1749771381053 1.199743390083313 27
1749771384591 1.2005316019058228 28
1749771388378 1.1966605186462402 29
1749771391956 1.1983709335327148 30
1749771395428 1.2032519578933716 31
1749771398869 1.1952093839645386 32
1749771402506 1.1906802654266357 33
1749771406615 1.1881763935089111 34
1749771410532 1.1893980503082275 35
1749771414255 1.1906156539916992 36
1749771418030 1.1946412324905396 37
1749771421629 1.1994107961654663 38
1749771424958 1.1895595788955688 39
1749771428546 1.1793707609176636 40
1749771432227 1.195396900177002 41
1749771435793 1.1884719133377075 42
1749771439281 1.1691128015518188 43
1749771442715 1.193487286567688 44
1749771446143 1.1829746961593628 45
1749771450091 1.1809701919555664 46
1749771453579 1.1823750734329224 47
1749771457068 1.1810967922210693 48
1749771460397 1.1756607294082642 49
1749771463737 1.1765059232711792 50
1749771467310 1.167829155921936 51
1749771471012 1.1862784624099731 52
1749771474479 1.1797443628311157 53
1749771477930 1.1738560199737549 54
1749771481298 1.1703602075576782 55
1749771484840 1.1766180992126465 56
1749771488397 1.1711353063583374 57
1749771491881 1.1780657768249512 58
1749771495345 1.1637678146362305 59
1749771498820 1.1812129020690918 60
1749771502076 1.171481728553772 61
1749771505530 1.1660659313201904 62
1749771508988 1.171332597732544 63
1749771512612 1.1718610525131226 64
1749771516111 1.1726114749908447 65
1749771519684 1.1633491516113281 66
1749771523121 1.1727254390716553 67
1749771526660 1.1855454444885254 68
1749771530239 1.1643128395080566 69
1749771533788 1.1696233749389648 70
1749771537298 1.1598845720291138 71
1749771540857 1.1568083763122559 72
1749771544207 1.1591401100158691 73
1749771547402 1.1644331216812134 74
1749771551038 1.1645941734313965 75
1749771554571 1.159865379333496 76
1749771558163 1.1567096710205078 77
1749771561790 1.1681983470916748 78
1749771565413 1.14946448802948 79
1749771568834 1.16457998752594 80
1749771572541 1.1528455018997192 81
1749771576159 1.1595672369003296 82
1749771579435 1.1592274904251099 83
1749771582721 1.1528749465942383 84
1749771586140 1.1602280139923096 85
1749771589532 1.164576768875122 86
1749771592789 1.15030038356781 87
1749771596296 1.1541379690170288 88
1749771599659 1.1503221988677979 89
1749771603051 1.157248616218567 90
1749771606748 1.143059253692627 91
1749771610198 1.146659016609192 92
1749771613691 1.148303747177124 93
1749771617472 1.1644195318222046 94
1749771621158 1.1585140228271484 95
1749771624790 1.1497066020965576 96
1749771628353 1.1457083225250244 97
1749771631809 1.1588468551635742 98
1749771635219 1.1509002447128296 99
1749771638929 1.1523094177246094 100
1749771642535 1.147567629814148 101
1749771645951 1.1543079614639282 102
1749771649603 1.1510406732559204 103
1749771653227 1.1580413579940796 104
1749771656943 1.1462925672531128 105
1749771660563 1.1581937074661255 106
1749771664242 1.1512892246246338 107
1749771667941 1.1478157043457031 108
1749771671483 1.1376287937164307 109
1749771674969 1.1436837911605835 110
1749771678540 1.1440658569335938 111
1749771682166 1.1490691900253296 112
1749771685652 1.1308479309082031 113
1749771689270 1.1473466157913208 114
1749771692763 1.1511719226837158 115
1749771696355 1.1592273712158203 116
1749771699835 1.1435835361480713 117
1749771703290 1.1347706317901611 118
1749771706453 1.1518398523330688 119
1749771709691 1.1494231224060059 120
1749771713195 1.133965015411377 121
1749771716554 1.1532787084579468 122
1749771719984 1.1542223691940308 123
1749771723539 1.1437376737594604 124
1749771727314 1.1480119228363037 125
1749771730943 1.1514002084732056 126
1749771734709 1.1594982147216797 127
1749771738518 1.1552776098251343 128
1749771742252 1.1372113227844238 129
1749771745743 1.145665168762207 130
1749771749389 1.153805136680603 131
1749771752833 1.1518722772598267 132
1749771756126 1.1286455392837524 133
1749771759432 1.1423184871673584 134
1749771762881 1.1361275911331177 135
1749771766399 1.1333457231521606 136
1749771770011 1.15170156955719 137
1749771773521 1.1317873001098633 138
1749771777068 1.1349563598632812 139
1749771780414 1.1444627046585083 140
1749771783825 1.1486375331878662 141
1749771787301 1.1472582817077637 142
1749771791006 1.1380648612976074 143
1749771794690 1.1624054908752441 144
1749771798496 1.1603182554244995 145
1749771802442 1.1577632427215576 146
1749771806332 1.1432393789291382 147
1749771810013 1.1548405885696411 148
1749771813511 1.1413323879241943 149
1749771816986 1.1353951692581177 150
1749771820371 1.145431637763977 151
1749771823934 1.1498448848724365 152
1749771827371 1.1491390466690063 153
1749771831024 1.1478537321090698 154
1749771834692 1.1427944898605347 155
1749771838365 1.1373358964920044 156
1749771841976 1.1469043493270874 157
1749771845462 1.1433436870574951 158
1749771849130 1.1457161903381348 159
1749771852713 1.1487804651260376 160
1749771856189 1.148295283317566 161
1749771859674 1.1434521675109863 162
1749771863157 1.1537045240402222 163
1749771866682 1.1442711353302002 164
1749771870279 1.1585739850997925 165
1749771874086 1.1466803550720215 166
1749771877831 1.1492443084716797 167
1749771881471 1.1467275619506836 168
1749771885006 1.1638050079345703 169
1749771888510 1.1321702003479004 170
1749771892077 1.137934923171997 171
1749771895672 1.1477149724960327 172
1749771899146 1.1492812633514404 173
1749771902533 1.1418254375457764 174
1749771905906 1.1451209783554077 175
1749771909371 1.1502882242202759 176
1749771912718 1.1357483863830566 177
1749771916067 1.1399766206741333 178
1749771919518 1.1362347602844238 179
1749771922960 1.1369118690490723 180
1749771926276 1.133259654045105 181
1749771929715 1.1352300643920898 182
1749771933100 1.1290314197540283 183
1749771936475 1.13356614112854 184
1749771940075 1.141733169555664 185
1749771944097 1.1597837209701538 186
1749771947500 1.1301873922348022 187
1749771951115 1.1313129663467407 188
1749771955430 1.141823410987854 189
1749771959716 1.1316077709197998 190
1749771963294 1.1412358283996582 191
1749771967414 1.1569124460220337 192
1749771971089 1.1424533128738403 193
1749771974754 1.1423993110656738 194
1749771978423 1.1379233598709106 195
1749771982082 1.148966908454895 196
1749771985609 1.1447932720184326 197
1749771989397 1.1359612941741943 198
1749771992799 1.15068781375885 199
