1749771288037 0.941495418548584 1
1749771291682 0.9734238386154175 2
1749771295254 0.9688009023666382 3
1749771298886 0.9757169485092163 4
1749771302615 0.9723038077354431 5
1749771306019 0.9672574996948242 6
1749771309657 0.9657247066497803 7
1749771313119 0.9422077536582947 8
1749771316496 0.9628543257713318 9
1749771320030 0.9543116688728333 10
1749771323561 0.9521614909172058 11
1749771327009 0.9622946977615356 12
1749771330469 0.9576348066329956 13
1749771333959 0.9523532390594482 14
1749771337495 0.9581434726715088 15
1749771341080 0.9557717442512512 16
1749771344524 0.9558367729187012 17
1749771348046 0.9489673972129822 18
1749771351626 0.9475178718566895 19
1749771355086 0.9364103078842163 20
1749771358604 0.930116593837738 21
1749771362120 0.9457733631134033 22
1749771365614 0.9551529884338379 23
1749771369147 0.9372290968894958 24
1749771372887 0.9420488476753235 25
1749771377195 0.9421195387840271 26
1749771381053 0.944648802280426 27
1749771384591 0.9345510005950928 28
1749771388378 0.9470457434654236 29
1749771391956 0.9429894089698792 30
1749771395428 0.9484168291091919 31
1749771398869 0.9422957301139832 32
1749771402506 0.9390221238136292 33
1749771406615 0.932807207107544 34
1749771410532 0.9395456910133362 35
1749771414255 0.9490982890129089 36
1749771418030 0.9418283104896545 37
1749771421629 0.9342533349990845 38
1749771424958 0.9420652389526367 39
1749771428546 0.9251697063446045 40
1749771432227 0.9347487688064575 41
1749771435793 0.9396281242370605 42
1749771439281 0.9254932403564453 43
1749771442715 0.9296746850013733 44
1749771446143 0.9375266432762146 45
1749771450091 0.929898738861084 46
1749771453579 0.935101330280304 47
1749771457068 0.9400688409805298 48
1749771460397 0.9229385852813721 49
1749771463737 0.9281109571456909 50
1749771467310 0.9230017066001892 51
1749771471012 0.9218863844871521 52
1749771474479 0.9309650659561157 53
1749771477930 0.9246573448181152 54
1749771481298 0.9262558221817017 55
1749771484840 0.9169147610664368 56
1749771488397 0.9187971949577332 57
1749771491881 0.9251547455787659 58
1749771495345 0.9219586849212646 59
1749771498820 0.9182450175285339 60
1749771502076 0.927736222743988 61
1749771505530 0.9238916039466858 62
1749771508988 0.9232469797134399 63
1749771512612 0.9055586457252502 64
1749771516111 0.9264454245567322 65
1749771519684 0.9038305282592773 66
1749771523121 0.9167835116386414 67
1749771526660 0.924211859703064 68
1749771530239 0.9235538244247437 69
1749771533788 0.9118649959564209 70
1749771537298 0.9097013473510742 71
1749771540857 0.9193463325500488 72
1749771544207 0.9178977608680725 73
1749771547402 0.9031429290771484 74
1749771551038 0.9096764326095581 75
1749771554571 0.9197418093681335 76
1749771558163 0.8957321643829346 77
1749771561790 0.922094464302063 78
1749771565413 0.9146860241889954 79
1749771568834 0.9123224020004272 80
1749771572541 0.9177699089050293 81
1749771576159 0.9066160917282104 82
1749771579435 0.9008270502090454 83
1749771582721 0.9108627438545227 84
1749771586140 0.9136355519294739 85
1749771589532 0.9106937050819397 86
1749771592789 0.9057278037071228 87
1749771596296 0.9028575420379639 88
1749771599659 0.9023577570915222 89
1749771603051 0.9022552371025085 90
1749771606748 0.907630443572998 91
1749771610198 0.8935744762420654 92
1749771613691 0.901901125907898 93
1749771617472 0.9055103659629822 94
1749771621158 0.9187312722206116 95
1749771624790 0.9188448786735535 96
1749771628353 0.8925597667694092 97
1749771631809 0.9121167063713074 98
1749771635219 0.9174143075942993 99
1749771638929 0.9130262136459351 100
1749771642535 0.9084126949310303 101
1749771645951 0.9197561144828796 102
1749771649603 0.9136664867401123 103
1749771653227 0.9162631034851074 104
1749771656943 0.9037679433822632 105
1749771660563 0.9074356555938721 106
1749771664242 0.899330735206604 107
1749771667941 0.9010250568389893 108
1749771671483 0.9063582420349121 109
1749771674969 0.9066226482391357 110
1749771678540 0.8908582925796509 111
1749771682166 0.8927581906318665 112
1749771685652 0.8900550603866577 113
1749771689270 0.9046399593353271 114
1749771692763 0.9019145369529724 115
1749771696355 0.9039524793624878 116
1749771699835 0.8972170948982239 117
1749771703290 0.8926588892936707 118
1749771706453 0.8876449465751648 119
1749771709691 0.8942788243293762 120
1749771713195 0.8947840332984924 121
1749771716554 0.9102765917778015 122
1749771719984 0.912255585193634 123
1749771723539 0.8941261172294617 124
1749771727314 0.8998702168464661 125
1749771730943 0.8921388387680054 126
1749771734709 0.895857572555542 127
1749771738518 0.8996122479438782 128
1749771742252 0.8972189426422119 129
1749771745743 0.8929725885391235 130
1749771749389 0.9001013040542603 131
1749771752833 0.8983402848243713 132
1749771756126 0.907708466053009 133
1749771759432 0.8971389532089233 134
1749771762881 0.8948885798454285 135
1749771766399 0.8984581232070923 136
1749771770011 0.8931431174278259 137
1749771773521 0.8964871168136597 138
1749771777068 0.8851256966590881 139
1749771780414 0.8940492868423462 140
1749771783825 0.8977429866790771 141
1749771787301 0.8998005986213684 142
1749771791006 0.8883235454559326 143
1749771794690 0.8656036257743835 144
1749771798496 0.8823080658912659 145
1749771802442 0.905599057674408 146
1749771806332 0.8917228579521179 147
1749771810013 0.8960085511207581 148
1749771813511 0.8886379599571228 149
1749771816986 0.8957874178886414 150
1749771820371 0.8946698307991028 151
1749771823934 0.898980438709259 152
1749771827371 0.9127649664878845 153
1749771831024 0.8853614330291748 154
1749771834692 0.8889215588569641 155
1749771838365 0.8877770304679871 156
1749771841976 0.8948198556900024 157
1749771845462 0.8946699500083923 158
1749771849130 0.8863204717636108 159
1749771852713 0.882094144821167 160
1749771856189 0.9096075296401978 161
1749771859674 0.8940350413322449 162
1749771863157 0.8859111070632935 163
1749771866682 0.8985264897346497 164
1749771870279 0.8905657529830933 165
1749771874086 0.8797802925109863 166
1749771877831 0.9022963047027588 167
1749771881471 0.914439857006073 168
1749771885006 0.8924657106399536 169
1749771888510 0.885565459728241 170
1749771892077 0.8854114413261414 171
1749771895672 0.8883635997772217 172
1749771899146 0.8980468511581421 173
1749771902533 0.8914092779159546 174
1749771905906 0.902010440826416 175
1749771909371 0.8975414037704468 176
1749771912718 0.8941765427589417 177
1749771916067 0.9008640646934509 178
1749771919518 0.8888916969299316 179
1749771922960 0.888489305973053 180
1749771926276 0.8843439817428589 181
1749771929715 0.8919157385826111 182
1749771933100 0.8909652829170227 183
1749771936475 0.8977410793304443 184
1749771940075 0.891489565372467 185
1749771944097 0.8978471755981445 186
1749771947500 0.8841440081596375 187
1749771951115 0.8911114931106567 188
1749771955430 0.8688350915908813 189
1749771959716 0.8792948722839355 190
1749771963294 0.8951414227485657 191
1749771967414 0.8822162747383118 192
1749771971089 0.8878950476646423 193
1749771974754 0.8767029643058777 194
1749771978423 0.8776059746742249 195
1749771982082 0.8861382007598877 196
1749771985609 0.8835981488227844 197
1749771989397 0.8910706639289856 198
1749771992799 0.8903318047523499 199
