1749771288037 0.21314188838005066 1
1749771291682 0.3131333291530609 2
1749771295254 0.339479923248291 3
1749771298886 0.36759626865386963 4
1749771302615 0.37327662110328674 5
1749771306019 0.40812948346138 6
1749771309657 0.4145947992801666 7
1749771313119 0.3957982361316681 8
1749771316496 0.4217452108860016 9
1749771320030 0.40781548619270325 10
1749771323561 0.4422972500324249 11
1749771327009 0.41560813784599304 12
1749771330469 0.465532511472702 13
1749771333959 0.44388148188591003 14
1749771337495 0.4230867922306061 15
1749771341080 0.45153141021728516 16
1749771344524 0.4398709833621979 17
1749771348046 0.46364855766296387 18
1749771351626 0.43340563774108887 19
1749771355086 0.4323209524154663 20
1749771358604 0.4473496377468109 21
1749771362120 0.4841578006744385 22
1749771365614 0.49364885687828064 23
1749771369147 0.45368653535842896 24
1749771372887 0.46146491169929504 25
1749771377195 0.47553735971450806 26
1749771381053 0.4508606195449829 27
1749771384591 0.48197412490844727 28
1749771388378 0.47399595379829407 29
1749771391956 0.4912653863430023 30
1749771395428 0.4552850127220154 31
1749771398869 0.4763794243335724 32
1749771402506 0.5002283453941345 33
1749771406615 0.48919591307640076 34
1749771410532 0.48998087644577026 35
1749771414255 0.4867267906665802 36
1749771418030 0.5155282020568848 37
1749771421629 0.4918077290058136 38
1749771424958 0.4564981460571289 39
1749771428546 0.4901949465274811 40
1749771432227 0.5140010714530945 41
1749771435793 0.4789198637008667 42
1749771439281 0.5088059902191162 43
1749771442715 0.48621299862861633 44
1749771446143 0.4703422486782074 45
1749771450091 0.4992435574531555 46
1749771453579 0.4906659424304962 47
1749771457068 0.4987868666648865 48
1749771460397 0.512802243232727 49
1749771463737 0.530114471912384 50
1749771467310 0.5120600461959839 51
1749771471012 0.46927183866500854 52
1749771474479 0.5083064436912537 53
1749771477930 0.5228498578071594 54
1749771481298 0.5105472207069397 55
1749771484840 0.4923643469810486 56
1749771488397 0.48624154925346375 57
1749771491881 0.5034967064857483 58
1749771495345 0.5258898735046387 59
1749771498820 0.5203379392623901 60
1749771502076 0.5095624327659607 61
1749771505530 0.5017412304878235 62
1749771508988 0.5126309394836426 63
1749771512612 0.48896753787994385 64
1749771516111 0.4948905408382416 65
1749771519684 0.49133673310279846 66
1749771523121 0.4945051670074463 67
1749771526660 0.5167413353919983 68
1749771530239 0.5017554759979248 69
1749771533788 0.5151999592781067 70
1749771537298 0.5181971192359924 71
1749771540857 0.5235207080841064 72
1749771544207 0.5471412539482117 73
1749771547402 0.4966602921485901 74
1749771551038 0.5059658288955688 75
1749771554571 0.5186395645141602 76
1749771558163 0.47118431329727173 77
1749771561790 0.527559757232666 78
1749771565413 0.5217937231063843 79
1749771568834 0.4820597767829895 80
1749771572541 0.5342676639556885 81
1749771576159 0.5114320516586304 82
1749771579435 0.5207661390304565 83
1749771582721 0.5082636475563049 84
1749771586140 0.495076060295105 85
1749771589532 0.5072075128555298 86
1749771592789 0.502825915813446 87
1749771596296 0.5158707499504089 88
1749771599659 0.5063511729240417 89
1749771603051 0.48705506324768066 90
1749771606748 0.5216938257217407 91
1749771610198 0.5041389465332031 92
1749771613691 0.5159420967102051 93
1749771617472 0.5007278919219971 94
1749771621158 0.5080780982971191 95
1749771624790 0.5313133597373962 96
1749771628353 0.5247766375541687 97
1749771631809 0.506893515586853 98
1749771635219 0.5400051474571228 99
1749771638929 0.5258898735046387 100
1749771642535 0.5213655829429626 101
1749771645951 0.5382068157196045 102
1749771649603 0.5041817426681519 103
1749771653227 0.5373790264129639 104
1749771656943 0.5073359608650208 105
1749771660563 0.5178260207176208 106
1749771664242 0.5120458006858826 107
1749771667941 0.5243912935256958 108
1749771671483 0.5452430844306946 109
1749771674969 0.525190532207489 110
1749771678540 0.5050095915794373 111
1749771682166 0.4873690605163574 112
1749771685652 0.4962463974952698 113
1749771689270 0.5192390084266663 114
1749771692763 0.4800616502761841 115
1749771696355 0.47590842843055725 116
1749771699835 0.5162846446037292 117
1749771703290 0.5279307961463928 118
1749771706453 0.47413867712020874 119
1749771709691 0.4928067922592163 120
1749771713195 0.5410898327827454 121
1749771716554 0.5040390491485596 122
1749771719984 0.5180115699768066 123
1749771723539 0.5135871767997742 124
1749771727314 0.4849713146686554 125
1749771730943 0.484942764043808 126
1749771734709 0.4941626489162445 127
1749771738518 0.4768075942993164 128
1749771742252 0.5115604996681213 129
1749771745743 0.5087060928344727 130
1749771749389 0.4945765435695648 131
1749771752833 0.4998144507408142 132
1749771756126 0.5418319702148438 133
1749771759432 0.5097479224205017 134
1749771762881 0.5359803438186646 135
1749771766399 0.515613853931427 136
1749771770011 0.4887391924858093 137
1749771773521 0.5055519342422485 138
1749771777068 0.5169697403907776 139
1749771780414 0.5049810409545898 140
1749771783825 0.5006993412971497 141
1749771787301 0.4894670844078064 142
1749771791006 0.483401358127594 143
1749771794690 0.4121828079223633 144
1749771798496 0.4290526211261749 145
1749771802442 0.48522821068763733 146
1749771806332 0.5189392566680908 147
1749771810013 0.5139011740684509 148
1749771813511 0.471726655960083 149
1749771816986 0.49894386529922485 150
1749771820371 0.4812747836112976 151
1749771823934 0.4920360743999481 152
1749771827371 0.5063939690589905 153
1749771831024 0.4911654591560364 154
1749771834692 0.47468101978302 155
1749771838365 0.4950903356075287 156
1749771841976 0.48568493127822876 157
1749771845462 0.5021265745162964 158
1749771849130 0.4596808850765228 159
1749771852713 0.46362000703811646 160
1749771856189 0.4911797344684601 161
1749771859674 0.5253760814666748 162
1749771863157 0.48452886939048767 163
1749771866682 0.51435786485672 164
1749771870279 0.4758513271808624 165
1749771874086 0.48003309965133667 166
1749771877831 0.49967172741889954 167
1749771881471 0.5201524496078491 168
1749771885006 0.4637341797351837 169
1749771888510 0.4707275927066803 170
1749771892077 0.5043102502822876 171
1749771895672 0.4988154172897339 172
1749771899146 0.4744526445865631 173
1749771902533 0.5087060928344727 174
1749771905906 0.5033111572265625 175
1749771909371 0.4855992794036865 176
1749771912718 0.48431479930877686 177
1749771916067 0.5252618789672852 178
1749771919518 0.49680301547050476 179
1749771922960 0.4724973738193512 180
1749771926276 0.5365940928459167 181
1749771929715 0.4766363203525543 182
1749771933100 0.5103473663330078 183
1749771936475 0.5275026559829712 184
1749771940075 0.5077213048934937 185
1749771944097 0.48094654083251953 186
1749771947500 0.4993862807750702 187
1749771951115 0.4730397164821625 188
1749771955430 0.4563411772251129 189
1749771959716 0.5175548791885376 190
1749771963294 0.48698368668556213 191
1749771967414 0.4715411067008972 192
1749771971089 0.4859561026096344 193
1749771974754 0.4932064116001129 194
1749771978423 0.5118888020515442 195
1749771982082 0.4730682373046875 196
1749771985609 0.48016154766082764 197
1749771989397 0.48509976267814636 198
1749771992799 0.481431782245636 199
