1749410735375 1.2839069366455078 0
1749410768546 1.192422866821289 1
1749410801496 1.1814219951629639 2
1749410834208 1.1604658365249634 3
1749410866919 1.1400493383407593 4
1749410899873 1.1362136602401733 5
1749410932577 1.1171473264694214 6
1749410965193 1.1151490211486816 7
1749410998424 1.1100504398345947 8
1749411031037 1.0997145175933838 9
1749411063779 1.1007589101791382 10
1749411096664 1.0912116765975952 11
1749411130574 1.087355613708496 12
1749411163596 1.0848824977874756 13
1749411196494 1.076504111289978 14
1749411229321 1.075192928314209 15
1749411262301 1.0658401250839233 16
1749411295514 1.066758632659912 17
1749411328369 1.0467207431793213 18
1749411361502 1.0470565557479858 19
1749411394477 1.0289382934570312 20
1749411427683 1.0271893739700317 21
1749411460967 1.0292783975601196 22
1749411494447 0.9934093356132507 23
1749411527485 1.00104558467865 24
1749411560289 0.9886388182640076 25
1749411593225 0.9777770638465881 26
1749411626586 0.9541915059089661 27
1749411659801 0.9573549628257751 28
1749411692807 0.9460781812667847 29
1749411726046 0.949454665184021 30
1749411759347 0.9311174750328064 31
1749411792559 0.9263049364089966 32
1749411825818 0.8977835178375244 33
1749411859011 0.9060685038566589 34
1749411892099 0.8951387405395508 35
1749411925210 0.9057353734970093 36
1749411957930 0.8980783820152283 37
1749411990844 0.8698619604110718 38
1749412023965 0.8602799773216248 39
1749412057050 0.86307692527771 40
1749412089747 0.860709011554718 41
1749412122759 0.8608629107475281 42
1749412156121 0.8740028142929077 43
1749412189584 0.8439629077911377 44
1749412222923 0.8453829288482666 45
1749412255992 0.8290435671806335 46
1749412288982 0.8423106670379639 47
1749412321847 0.8314194083213806 48
1749412354807 0.8232277035713196 49
1749412387684 0.8128176331520081 50
1749412420517 0.8438698649406433 51
1749412453439 0.8212968111038208 52
1749412486398 0.8266171216964722 53
1749412519355 0.8222911953926086 54
1749412552387 0.8175222277641296 55
1749412585420 0.7994227409362793 56
1749412618535 0.7913995981216431 57
1749412651514 0.8060540556907654 58
1749412684608 0.8596664071083069 59
1749412717822 0.7976682782173157 60
1749412751114 0.7976109981536865 61
1749412784167 0.7906317114830017 62
1749412817198 0.7909022569656372 63
1749412850329 0.7777701616287231 64
1749412883160 0.781882107257843 65
1749412915923 0.7849520444869995 66
1749412949021 0.7665905952453613 67
1749412982040 0.7778635621070862 68
1749413015318 0.787972092628479 69
1749413048403 0.7837664484977722 70
1749413081602 0.7584266662597656 71
1749413114700 0.7664316296577454 72
1749413148043 0.7730132937431335 73
1749413181062 0.7443902492523193 74
1749413214191 0.7730520963668823 75
1749413247343 0.751417875289917 76
1749413280370 0.7517153024673462 77
1749413313548 0.7389687895774841 78
1749413346568 0.7522669434547424 79
1749413379869 0.7449257373809814 80
1749413412855 0.7467523217201233 81
1749413445981 0.7246413826942444 82
1749413479075 0.7383161783218384 83
1749413512139 0.7508074641227722 84
1749413545400 0.7572137117385864 85
1749413578558 0.752692699432373 86
1749413611745 0.7342128753662109 87
1749413645047 0.7372981309890747 88
1749413678081 0.7268465757369995 89
1749413711244 0.7389671802520752 90
1749413744455 0.7346006631851196 91
1749413777667 0.744037926197052 92
1749413811063 0.7367644906044006 93
1749413844278 0.7420780062675476 94
1749413877528 0.7473347187042236 95
1749413910804 0.7288898825645447 96
1749413944124 0.7091931104660034 97
1749413977389 0.7366049289703369 98
1749414010634 0.743025004863739 99
1749414043751 0.7156140208244324 100
1749414076879 0.7758857607841492 101
1749414110046 0.831436038017273 102
1749414143310 0.7217460870742798 103
1749414176517 0.7226858139038086 104
1749414209611 0.7342808246612549 105
1749414242937 0.7198781371116638 106
1749414275870 0.715983510017395 107
1749414308955 0.7237247824668884 108
1749414341912 0.7142528295516968 109
1749414375119 0.7042647004127502 110
1749414408204 0.7248402833938599 111
1749414441296 0.7117088437080383 112
1749414474663 0.7202426791191101 113
1749414507855 0.7058015465736389 114
1749414541286 0.7012812495231628 115
1749414574487 0.7043009996414185 116
1749414607835 0.7148715853691101 117
1749414641242 0.6989582777023315 118
1749414674271 0.7247266173362732 119
1749414707645 0.725791335105896 120
1749414741077 0.7051002979278564 121
1749414774139 0.6998729109764099 122
1749414807258 0.7452194094657898 123
1749414840255 0.6973511576652527 124
1749414873787 0.7102169394493103 125
1749414906948 0.6889086961746216 126
1749414939977 0.7167521119117737 127
1749414973400 0.697698712348938 128
1749415006664 0.6959781646728516 129
1749415039959 0.7185508012771606 130
1749415073084 0.692268967628479 131
1749415106256 0.6910313963890076 132
1749415139512 0.7041902542114258 133
1749415172799 0.6905320882797241 134
1749415206005 0.6852239370346069 135
1749415239186 0.6905437707901001 136
1749415272085 0.686974287033081 137
1749415305457 0.7022292613983154 138
1749415338655 0.7253919243812561 139
1749415371937 0.6918224692344666 140
1749415404924 0.6912752389907837 141
1749415438024 0.710927426815033 142
1749415471259 0.6986451745033264 143
1749415504464 0.7046802639961243 144
1749415537509 0.6820303797721863 145
1749415570733 0.6779937744140625 146
1749415603807 0.726510763168335 147
1749415636926 0.7046817541122437 148
1749415669960 0.7006580233573914 149
1749415702901 0.6938545107841492 150
1749415735975 0.7016475200653076 151
1749415769312 0.6913949251174927 152
1749415802540 0.7088046073913574 153
1749415835686 0.7166898250579834 154
1749415868848 0.6903461813926697 155
1749415901915 0.6802040338516235 156
1749415935297 0.691691517829895 157
1749415968381 0.673636794090271 158
1749416001539 0.7024828195571899 159
1749416034756 0.6832107901573181 160
1749416067937 0.689425528049469 161
1749416101120 0.7011708617210388 162
1749416134135 0.685634970664978 163
1749416167204 0.6815489530563354 164
1749416200273 0.6765589714050293 165
1749416233283 0.7088599801063538 166
1749416266311 0.6857888698577881 167
1749416299307 0.7035513520240784 168
1749416332232 0.6783440113067627 169
1749416365307 0.6858620643615723 170
1749416398386 0.6901816725730896 171
1749416431461 0.6818132400512695 172
1749416464502 0.686227023601532 173
1749416497585 0.6857332587242126 174
1749416530828 0.6830071210861206 175
1749416564194 0.6831408143043518 176
1749416597364 0.6736570596694946 177
1749416630272 0.6843289136886597 178
1749416663527 0.6889073848724365 179
1749416696732 0.676790714263916 180
1749416729970 0.6791813969612122 181
1749416763272 0.6783544421195984 182
1749416796468 0.6909779906272888 183
1749416829841 0.6787804365158081 184
1749416863035 0.66583651304245 185
1749416896168 0.6980524659156799 186
1749416929325 0.7258654236793518 187
1749416962706 0.6879862546920776 188
1749416995881 0.6872324347496033 189
1749417029283 0.6799072027206421 190
1749417062562 0.7075230479240417 191
1749417095764 0.674317479133606 192
1749417128992 0.7118340134620667 193
1749417162440 0.6786608099937439 194
1749417195653 0.6833831667900085 195
1749417229044 0.6929780840873718 196
1749417262424 0.7222462296485901 197
1749417295635 0.6815780997276306 198
1749417329018 0.6722062826156616 199
