1749410735375 0.9543176889419556 0
1749410768546 0.9715704917907715 1
1749410801496 0.9715223908424377 2
1749410834208 0.9685103893280029 3
1749410866919 0.9581384658813477 4
1749410899873 0.9514470100402832 5
1749410932577 0.9480869770050049 6
1749410965193 0.942712128162384 7
1749410998424 0.9402027130126953 8
1749411031037 0.9423515796661377 9
1749411063779 0.9434831142425537 10
1749411096664 0.9389806389808655 11
1749411130574 0.932528555393219 12
1749411163596 0.9287879467010498 13
1749411196494 0.9318138957023621 14
1749411229321 0.9273245334625244 15
1749411262301 0.9247305393218994 16
1749411295514 0.9241381883621216 17
1749411328369 0.9212110042572021 18
1749411361502 0.9177473187446594 19
1749411394477 0.9170299172401428 20
1749411427683 0.9089296460151672 21
1749411460967 0.9103661775588989 22
1749411494447 0.9116073846817017 23
1749411527485 0.9059686660766602 24
1749411560289 0.893505871295929 25
1749411593225 0.8985149264335632 26
1749411626586 0.8948171138763428 27
1749411659801 0.8918262720108032 28
1749411692807 0.8896374106407166 29
1749411726046 0.8858714699745178 30
1749411759347 0.8915650248527527 31
1749411792559 0.8830276131629944 32
1749411825818 0.8738787174224854 33
1749411859011 0.8802247643470764 34
1749411892099 0.8759315609931946 35
1749411925210 0.8722935318946838 36
1749411957930 0.8779013156890869 37
1749411990844 0.8739224076271057 38
1749412023965 0.8707596063613892 39
1749412057050 0.8755252361297607 40
1749412089747 0.8703116774559021 41
1749412122759 0.867851197719574 42
1749412156121 0.8760467171669006 43
1749412189584 0.8708788156509399 44
1749412222923 0.87046217918396 45
1749412255992 0.8717174530029297 46
1749412288982 0.8723786473274231 47
1749412321847 0.8725342154502869 48
1749412354807 0.8676849603652954 49
1749412387684 0.8638215065002441 50
1749412420517 0.8666333556175232 51
1749412453439 0.8653335571289062 52
1749412486398 0.8637169003486633 53
1749412519355 0.8641343712806702 54
1749412552387 0.8656755685806274 55
1749412585420 0.8732788562774658 56
1749412618535 0.8720019459724426 57
1749412651514 0.8670435547828674 58
1749412684608 0.8634774684906006 59
1749412717822 0.8655233383178711 60
1749412751114 0.8646604418754578 61
1749412784167 0.8632616400718689 62
1749412817198 0.864011824131012 63
1749412850329 0.866251528263092 64
1749412883160 0.8567908406257629 65
1749412915923 0.8674347400665283 66
1749412949021 0.863140344619751 67
1749412982040 0.8691009879112244 68
1749413015318 0.8661936521530151 69
1749413048403 0.8688448071479797 70
1749413081602 0.860531747341156 71
1749413114700 0.8661047220230103 72
1749413148043 0.8577275276184082 73
1749413181062 0.8677282929420471 74
1749413214191 0.8599180579185486 75
1749413247343 0.8665555119514465 76
1749413280370 0.8624016642570496 77
1749413313548 0.8591347932815552 78
1749413346568 0.8600730299949646 79
1749413379869 0.86213219165802 80
1749413412855 0.8583833575248718 81
1749413445981 0.862542450428009 82
1749413479075 0.8660899996757507 83
1749413512139 0.8655595779418945 84
1749413545400 0.8622727394104004 85
1749413578558 0.8641034960746765 86
1749413611745 0.857210099697113 87
1749413645047 0.8587478399276733 88
1749413678081 0.8621533513069153 89
1749413711244 0.8605186343193054 90
1749413744455 0.8643469214439392 91
1749413777667 0.8629580736160278 92
1749413811063 0.8632156252861023 93
1749413844278 0.8563816547393799 94
1749413877528 0.8641772866249084 95
1749413910804 0.8563957214355469 96
1749413944124 0.8647885322570801 97
1749413977389 0.8579319715499878 98
1749414010634 0.8609920740127563 99
1749414043751 0.8610503673553467 100
1749414076879 0.8596457839012146 101
1749414110046 0.8548271059989929 102
1749414143310 0.8634696006774902 103
1749414176517 0.8586229085922241 104
1749414209611 0.8615096807479858 105
1749414242937 0.8643525838851929 106
1749414275870 0.8664625883102417 107
1749414308955 0.8621798753738403 108
1749414341912 0.8708633184432983 109
1749414375119 0.8667019605636597 110
1749414408204 0.8544985055923462 111
1749414441296 0.8662729859352112 112
1749414474663 0.8660226464271545 113
1749414507855 0.865117073059082 114
1749414541286 0.8604632616043091 115
1749414574487 0.8639687299728394 116
1749414607835 0.8579515218734741 117
1749414641242 0.865261435508728 118
1749414674271 0.8631435632705688 119
1749414707645 0.863560140132904 120
1749414741077 0.8670381903648376 121
1749414774139 0.8599351644515991 122
1749414807258 0.8624096512794495 123
1749414840255 0.861230731010437 124
1749414873787 0.8603284358978271 125
1749414906948 0.8600801825523376 126
1749414939977 0.8625927567481995 127
1749414973400 0.8579805493354797 128
1749415006664 0.8633312582969666 129
1749415039959 0.8587567806243896 130
1749415073084 0.8620916604995728 131
1749415106256 0.8610206842422485 132
1749415139512 0.8608536124229431 133
1749415172799 0.8578587770462036 134
1749415206005 0.8618409037590027 135
1749415239186 0.8630829453468323 136
1749415272085 0.8612979650497437 137
1749415305457 0.8642892241477966 138
1749415338655 0.8604643940925598 139
1749415371937 0.8665097951889038 140
1749415404924 0.8647237420082092 141
1749415438024 0.8615543246269226 142
1749415471259 0.8604401350021362 143
1749415504464 0.8628904819488525 144
1749415537509 0.865713357925415 145
1749415570733 0.8629105091094971 146
1749415603807 0.8622021675109863 147
1749415636926 0.8622284531593323 148
1749415669960 0.8613428473472595 149
1749415702901 0.865941047668457 150
1749415735975 0.8635873794555664 151
1749415769312 0.864704966545105 152
1749415802540 0.8687663078308105 153
1749415835686 0.8634710311889648 154
1749415868848 0.8677704930305481 155
1749415901915 0.8719305992126465 156
1749415935297 0.8621576428413391 157
1749415968381 0.8653188347816467 158
1749416001539 0.8644524812698364 159
1749416034756 0.8658242225646973 160
1749416067937 0.859112560749054 161
1749416101120 0.8597416281700134 162
1749416134135 0.8659241795539856 163
1749416167204 0.8680620789527893 164
1749416200273 0.8602755069732666 165
1749416233283 0.8630177974700928 166
1749416266311 0.8604598641395569 167
1749416299307 0.8593541383743286 168
1749416332232 0.8622851371765137 169
1749416365307 0.860106348991394 170
1749416398386 0.8653953075408936 171
1749416431461 0.8607325553894043 172
1749416464502 0.8688810467720032 173
1749416497585 0.863517701625824 174
1749416530828 0.8625779747962952 175
1749416564194 0.8613178133964539 176
1749416597364 0.8630850911140442 177
1749416630272 0.8646378517150879 178
1749416663527 0.8695874810218811 179
1749416696732 0.8621328473091125 180
1749416729970 0.8633185029029846 181
1749416763272 0.8648945689201355 182
1749416796468 0.8630971908569336 183
1749416829841 0.8655807375907898 184
1749416863035 0.8614294528961182 185
1749416896168 0.8661830425262451 186
1749416929325 0.8665997982025146 187
1749416962706 0.8669622540473938 188
1749416995881 0.8604387640953064 189
1749417029283 0.8664475679397583 190
1749417062562 0.8669920563697815 191
1749417095764 0.8591299653053284 192
1749417128992 0.8653547763824463 193
1749417162440 0.8634362816810608 194
1749417195653 0.8612092137336731 195
1749417229044 0.8662160038948059 196
1749417262424 0.8628681898117065 197
1749417295635 0.8689051866531372 198
1749417329018 0.8667840361595154 199
