1749754618402 1.3626987934112549 0
1749754622116 1.2768454551696777 1
1749754625834 1.2614065408706665 2
1749754629631 1.2535380125045776 3
1749754633320 1.2502028942108154 4
1749754637100 1.246315598487854 5
1749754640780 1.2421467304229736 6
1749754644482 1.2441926002502441 7
1749754648224 1.2307813167572021 8
1749754652002 1.234920859336853 9
1749754655687 1.2350255250930786 10
1749754659375 1.2367184162139893 11
1749754663139 1.2268577814102173 12
1749754666831 1.232806921005249 13
1749754670518 1.2279542684555054 14
1749754674441 1.2236214876174927 15
1749754678201 1.2210465669631958 16
1749754681962 1.2180918455123901 17
1749754685652 1.2242066860198975 18
1749754689412 1.2208632230758667 19
1749754693309 1.219422459602356 20
1749754697280 1.219114065170288 21
1749754700991 1.215561032295227 22
1749754704695 1.2218258380889893 23
1749754708462 1.206761121749878 24
1749754712193 1.2169835567474365 25
1749754716086 1.2138670682907104 26
1749754719933 1.2158125638961792 27
1749754723551 1.2186936140060425 28
1749754727158 1.2191338539123535 29
1749754730706 1.2076416015625 30
1749754734281 1.2220169305801392 31
1749754737840 1.2195781469345093 32
1749754741329 1.2126153707504272 33
1749754745001 1.2113826274871826 34
1749754748692 1.2169077396392822 35
1749754752318 1.2119563817977905 36
1749754755881 1.2073774337768555 37
1749754759419 1.2124848365783691 38
1749754763009 1.225008487701416 39
1749754766593 1.2254713773727417 40
1749754770149 1.2168056964874268 41
1749754773665 1.2072950601577759 42
1749754777169 1.2207274436950684 43
1749754780739 1.2140356302261353 44
1749754784326 1.208966612815857 45
1749754787964 1.2272703647613525 46
1749754791495 1.2132238149642944 47
1749754795061 1.2154624462127686 48
1749754798584 1.2291100025177002 49
1749754802155 1.219236969947815 50
1749754805737 1.204978108406067 51
1749754809289 1.2142411470413208 52
1749754812805 1.2157965898513794 53
1749754816327 1.2136720418930054 54
1749754819814 1.217010736465454 55
1749754823342 1.2152856588363647 56
1749754826874 1.2183629274368286 57
1749754830414 1.2132229804992676 58
1749754834033 1.2055755853652954 59
1749754837659 1.2209300994873047 60
1749754841294 1.2202130556106567 61
1749754844776 1.2140089273452759 62
1749754848443 1.2216458320617676 63
1749754852191 1.2118232250213623 64
1749754855926 1.2162423133850098 65
1749754859705 1.2177461385726929 66
1749754863491 1.211251139640808 67
1749754867247 1.2220673561096191 68
1749754870894 1.216648817062378 69
1749754874959 1.2194401025772095 70
1749754879028 1.2211456298828125 71
1749754882876 1.2108807563781738 72
1749754886718 1.2312837839126587 73
1749754890333 1.2202646732330322 74
1749754893818 1.224230408668518 75
1749754897500 1.2147210836410522 76
1749754901214 1.2158087491989136 77
1749754904880 1.2152578830718994 78
1749754908667 1.2192951440811157 79
1749754912456 1.2125864028930664 80
1749754916293 1.2244559526443481 81
1749754920404 1.2135674953460693 82
1749754924006 1.2243684530258179 83
1749754927819 1.2255547046661377 84
1749754931390 1.2288209199905396 85
1749754935003 1.227362871170044 86
1749754938724 1.2150499820709229 87
1749754942282 1.2253648042678833 88
1749754945919 1.2156201601028442 89
1749754949427 1.230383038520813 90
1749754953026 1.2306615114212036 91
1749754956671 1.2198760509490967 92
1749754960250 1.209776759147644 93
1749754963836 1.218536615371704 94
1749754967557 1.22872793674469 95
1749754971220 1.2121870517730713 96
1749754974739 1.221105694770813 97
1749754978360 1.2287213802337646 98
1749754981881 1.227033019065857 99
1749754985444 1.2126429080963135 100
1749754989095 1.2251174449920654 101
1749754992716 1.2208675146102905 102
1749754996408 1.2216439247131348 103
1749755000117 1.228075385093689 104
1749755003748 1.2247314453125 105
1749755007425 1.2240632772445679 106
1749755011087 1.2262163162231445 107
1749755014632 1.2255349159240723 108
1749755018177 1.2386006116867065 109
1749755021695 1.2190347909927368 110
1749755025280 1.2391365766525269 111
1749755029083 1.227889895439148 112
1749755032840 1.2194292545318604 113
1749755036401 1.2165300846099854 114
1749755040152 1.2314525842666626 115
1749755043767 1.2160674333572388 116
1749755047516 1.2192832231521606 117
1749755051532 1.2173449993133545 118
1749755055469 1.2295770645141602 119
1749755059144 1.2309439182281494 120
1749755062818 1.23500657081604 121
1749755066613 1.2160474061965942 122
1749755070259 1.2256113290786743 123
1749755073889 1.2320303916931152 124
1749755077777 1.2159600257873535 125
1749755081580 1.2122589349746704 126
1749755085126 1.2251406908035278 127
1749755088845 1.226946473121643 128
1749755092469 1.2208945751190186 129
1749755096112 1.2331581115722656 130
1749755099835 1.2212715148925781 131
1749755103507 1.2211049795150757 132
1749755107101 1.2192504405975342 133
1749755110829 1.2277852296829224 134
1749755114350 1.2311853170394897 135
1749755117884 1.2337440252304077 136
1749755121460 1.2244209051132202 137
1749755125039 1.232205867767334 138
1749755128617 1.2302473783493042 139
1749755132217 1.2356255054473877 140
1749755135773 1.2273998260498047 141
1749755139351 1.2325329780578613 142
1749755142892 1.2347233295440674 143
1749755146509 1.2359724044799805 144
1749755150153 1.2364107370376587 145
1749755153795 1.2267084121704102 146
1749755157429 1.2414829730987549 147
1749755161045 1.2358969449996948 148
1749755164583 1.2541311979293823 149
1749755168129 1.2323020696640015 150
1749755171780 1.237360954284668 151
1749755175331 1.2368844747543335 152
1749755178906 1.2359340190887451 153
1749755182617 1.2272526025772095 154
1749755186230 1.221838355064392 155
1749755189866 1.2291074991226196 156
1749755193436 1.228804349899292 157
1749755197010 1.2332195043563843 158
1749755200603 1.2395355701446533 159
1749755204212 1.2281333208084106 160
1749755207863 1.2244290113449097 161
1749755211550 1.230492115020752 162
1749755215134 1.2365645170211792 163
1749755218736 1.2195318937301636 164
1749755222325 1.2321821451187134 165
1749755225893 1.2320983409881592 166
1749755229685 1.2358590364456177 167
1749755233218 1.2372303009033203 168
1749755236859 1.2242302894592285 169
1749755240418 1.2183802127838135 170
1749755243969 1.2378827333450317 171
1749755247568 1.2343456745147705 172
1749755251217 1.2272120714187622 173
1749755254770 1.2168142795562744 174
1749755258454 1.2444145679473877 175
1749755262070 1.2316011190414429 176
1749755265575 1.2296473979949951 177
1749755269233 1.2418349981307983 178
1749755272801 1.2270342111587524 179
1749755276492 1.226699948310852 180
1749755280176 1.2402573823928833 181
1749755283700 1.22085702419281 182
1749755287261 1.2266074419021606 183
1749755290961 1.2328122854232788 184
1749755294537 1.2347393035888672 185
1749755298113 1.2361834049224854 186
1749755301914 1.2264765501022339 187
1749755305532 1.2420753240585327 188
1749755309180 1.2537448406219482 189
1749755312857 1.240661859512329 190
1749755316466 1.2527788877487183 191
1749755320041 1.2344603538513184 192
1749755323628 1.2324416637420654 193
1749755327368 1.2306694984436035 194
1749755330976 1.2399213314056396 195
1749755334612 1.2510483264923096 196
1749755338216 1.229697823524475 197
1749755341828 1.2754329442977905 198
1749755345532 1.234511375427246 199
1749754618402 1.3626987934112549 0
