1749754618402 0.8462908864021301 0
1749754622116 0.968722939491272 1
1749754625834 0.9779091477394104 2
1749754629631 0.9752662777900696 3
1749754633320 0.969471275806427 4
1749754637100 0.9730974435806274 5
1749754640780 0.9717718958854675 6
1749754644482 0.9682406783103943 7
1749754648224 0.9582347273826599 8
1749754652002 0.9519109725952148 9
1749754655687 0.9534277319908142 10
1749754659375 0.9581382870674133 11
1749754663139 0.9583403468132019 12
1749754666831 0.9381769895553589 13
1749754670518 0.9597325921058655 14
1749754674441 0.964801013469696 15
1749754678201 0.9652827382087708 16
1749754681962 0.9573131799697876 17
1749754685652 0.9536693692207336 18
1749754689412 0.9529763460159302 19
1749754693309 0.9572000503540039 20
1749754697280 0.9587944149971008 21
1749754700991 0.9530849456787109 22
1749754704695 0.951492965221405 23
1749754708462 0.9567733407020569 24
1749754712193 0.9495267868041992 25
1749754716086 0.9507351517677307 26
1749754719933 0.9533179402351379 27
1749754723551 0.9599759578704834 28
1749754727158 0.9518917202949524 29
1749754730706 0.9552320837974548 30
1749754734281 0.9435074329376221 31
1749754737840 0.9464080333709717 32
1749754741329 0.947902262210846 33
1749754745001 0.9497539401054382 34
1749754748692 0.95203697681427 35
1749754752318 0.9567366242408752 36
1749754755881 0.9458319544792175 37
1749754759419 0.9518642425537109 38
1749754763009 0.9528569579124451 39
1749754766593 0.9567970633506775 40
1749754770149 0.9619383811950684 41
1749754773665 0.9547708034515381 42
1749754777169 0.9472249746322632 43
1749754780739 0.9586663246154785 44
1749754784326 0.953333854675293 45
1749754787964 0.9538031220436096 46
1749754791495 0.9491773247718811 47
1749754795061 0.945883572101593 48
1749754798584 0.9525288343429565 49
1749754802155 0.9506928324699402 50
1749754805737 0.9412118792533875 51
1749754809289 0.9512308239936829 52
1749754812805 0.949460506439209 53
1749754816327 0.9380855560302734 54
1749754819814 0.9529677629470825 55
1749754823342 0.9569478631019592 56
1749754826874 0.9457026720046997 57
1749754830414 0.9426008462905884 58
1749754834033 0.9403337240219116 59
1749754837659 0.9510130882263184 60
1749754841294 0.9349830746650696 61
1749754844776 0.9375721216201782 62
1749754848443 0.9433806538581848 63
1749754852191 0.9484022855758667 64
1749754855926 0.9498893618583679 65
1749754859705 0.9457858800888062 66
1749754863491 0.9452790021896362 67
1749754867247 0.9464433789253235 68
1749754870894 0.9577240347862244 69
1749754874959 0.9461840987205505 70
1749754879028 0.952829897403717 71
1749754882876 0.9426535964012146 72
1749754886718 0.9541140794754028 73
1749754890333 0.9509700536727905 74
1749754893818 0.9566522240638733 75
1749754897500 0.9513779282569885 76
1749754901214 0.9585846066474915 77
1749754904880 0.9484579563140869 78
1749754908667 0.9469683766365051 79
1749754912456 0.955549955368042 80
1749754916293 0.949553370475769 81
1749754920404 0.939221978187561 82
1749754924006 0.9425597786903381 83
1749754927819 0.9481794238090515 84
1749754931390 0.951974630355835 85
1749754935003 0.9527691006660461 86
1749754938724 0.9460095167160034 87
1749754942282 0.9531489014625549 88
1749754945919 0.9514116644859314 89
1749754949427 0.9413374662399292 90
1749754953026 0.9580304622650146 91
1749754956671 0.9508312940597534 92
1749754960250 0.9463345408439636 93
1749754963836 0.9431475400924683 94
1749754967557 0.9518430233001709 95
1749754971220 0.939130961894989 96
1749754974739 0.9477756023406982 97
1749754978360 0.9449933767318726 98
1749754981881 0.9472525715827942 99
1749754985444 0.9405049681663513 100
1749754989095 0.9523071646690369 101
1749754992716 0.9506894946098328 102
1749754996408 0.9487209916114807 103
1749755000117 0.9352585673332214 104
1749755003748 0.9484284520149231 105
1749755007425 0.9521419405937195 106
1749755011087 0.9483488202095032 107
1749755014632 0.9594143629074097 108
1749755018177 0.9304961562156677 109
1749755021695 0.9504941701889038 110
1749755025280 0.9580219984054565 111
1749755029083 0.9529528617858887 112
1749755032840 0.9472975134849548 113
1749755036401 0.945410430431366 114
1749755040152 0.9575943946838379 115
1749755043767 0.9467989802360535 116
1749755047516 0.958586573600769 117
1749755051532 0.9490646123886108 118
1749755055469 0.9468579292297363 119
1749755059144 0.9557461142539978 120
1749755062818 0.954760730266571 121
1749755066613 0.9423253536224365 122
1749755070259 0.9491734504699707 123
1749755073889 0.95346999168396 124
1749755077777 0.9546152353286743 125
1749755081580 0.9472983479499817 126
1749755085126 0.9386106729507446 127
1749755088845 0.9598134160041809 128
1749755092469 0.9496131539344788 129
1749755096112 0.9493191242218018 130
1749755099835 0.9544248580932617 131
1749755103507 0.9410176277160645 132
1749755107101 0.9428781867027283 133
1749755110829 0.9398765563964844 134
1749755114350 0.9481534361839294 135
1749755117884 0.9483248591423035 136
1749755121460 0.9418244361877441 137
1749755125039 0.9544234871864319 138
1749755128617 0.9461018443107605 139
1749755132217 0.9585100412368774 140
1749755135773 0.9462761878967285 141
1749755139351 0.9588382244110107 142
1749755142892 0.9531327486038208 143
1749755146509 0.936909019947052 144
1749755150153 0.9564085006713867 145
1749755153795 0.948972761631012 146
1749755157429 0.9522080421447754 147
1749755161045 0.9468322396278381 148
1749755164583 0.9634055495262146 149
1749755168129 0.9591302871704102 150
1749755171780 0.9515878558158875 151
1749755175331 0.9507562518119812 152
1749755178906 0.957018256187439 153
1749755182617 0.9403573870658875 154
1749755186230 0.946075975894928 155
1749755189866 0.9459221363067627 156
1749755193436 0.956158459186554 157
1749755197010 0.9621149897575378 158
1749755200603 0.9592006206512451 159
1749755204212 0.9513432383537292 160
1749755207863 0.9453729391098022 161
1749755211550 0.9582095742225647 162
1749755215134 0.9518104791641235 163
1749755218736 0.9500948786735535 164
1749755222325 0.951877772808075 165
1749755225893 0.9464612007141113 166
1749755229685 0.9536020159721375 167
1749755233218 0.9398885369300842 168
1749755236859 0.9552884697914124 169
1749755240418 0.9478782415390015 170
1749755243969 0.9529969096183777 171
1749755247568 0.9421025514602661 172
1749755251217 0.9573597311973572 173
1749755254770 0.9540355205535889 174
1749755258454 0.9493383169174194 175
1749755262070 0.9478573799133301 176
1749755265575 0.9502164721488953 177
1749755269233 0.9621844291687012 178
1749755272801 0.9483724236488342 179
1749755276492 0.947830855846405 180
1749755280176 0.9481938481330872 181
1749755283700 0.9515484571456909 182
1749755287261 0.9518483877182007 183
1749755290961 0.9579327702522278 184
1749755294537 0.9523853659629822 185
1749755298113 0.9606547951698303 186
1749755301914 0.9496734142303467 187
1749755305532 0.9591376185417175 188
1749755309180 0.9499124884605408 189
1749755312857 0.947695255279541 190
1749755316466 0.958266019821167 191
1749755320041 0.9443596601486206 192
1749755323628 0.9417437314987183 193
1749755327368 0.9521512985229492 194
1749755330976 0.9467846751213074 195
1749755334612 0.9509249925613403 196
1749755338216 0.9544767141342163 197
1749755341828 0.9561893343925476 198
1749755345532 0.9502068161964417 199
1749754618402 0.8462908864021301 0
