1749754618402 0.09492478519678116 0
1749754622116 0.30368509888648987 1
1749754625834 0.33990809321403503 2
1749754629631 0.385493665933609 3
1749754633320 0.41425228118896484 4
1749754637100 0.42228755354881287 5
1749754640780 0.41665002703666687 6
1749754644482 0.4120543599128723 7
1749754648224 0.4450089931488037 8
1749754652002 0.4418548345565796 9
1749754655687 0.4333057403564453 10
1749754659375 0.41486597061157227 11
1749754663139 0.4868980646133423 12
1749754666831 0.4437815845012665 13
1749754670518 0.43439042568206787 14
1749754674441 0.46670281887054443 15
1749754678201 0.48412925004959106 16
1749754681962 0.46987125277519226 17
1749754685652 0.4844432473182678 18
1749754689412 0.49170783162117004 19
1749754693309 0.5052807331085205 20
1749754697280 0.4699140787124634 21
1749754700991 0.47202637791633606 22
1749754704695 0.4493334889411926 23
1749754708462 0.47669339179992676 24
1749754712193 0.4596666097640991 25
1749754716086 0.5001855492591858 26
1749754719933 0.4660463035106659 27
1749754723551 0.4785630702972412 28
1749754727158 0.47470957040786743 29
1749754730706 0.49638912081718445 30
1749754734281 0.47744983434677124 31
1749754737840 0.42267289757728577 32
1749754741329 0.5188393592834473 33
1749754745001 0.49854421615600586 34
1749754748692 0.49661746621131897 35
1749754752318 0.48352980613708496 36
1749754755881 0.4994148313999176 37
1749754759419 0.4907943904399872 38
1749754763009 0.47886279225349426 39
1749754766593 0.4851853847503662 40
1749754770149 0.49777352809906006 41
1749754773665 0.4947049915790558 42
1749754777169 0.5059229731559753 43
1749754780739 0.49818742275238037 44
1749754784326 0.4956612288951874 45
1749754787964 0.4576256573200226 46
1749754791495 0.49152228236198425 47
1749754795061 0.4679873287677765 48
1749754798584 0.5034539103507996 49
1749754802155 0.4455227851867676 50
1749754805737 0.4684297740459442 51
1749754809289 0.5255758762359619 52
1749754812805 0.4646618962287903 53
1749754816327 0.453029990196228 54
1749754819814 0.48120343685150146 55
1749754823342 0.4793480336666107 56
1749754826874 0.47081324458122253 57
1749754830414 0.48445752263069153 58
1749754834033 0.4777495563030243 59
1749754837659 0.47629377245903015 60
1749754841294 0.4340907037258148 61
1749754844776 0.4754231870174408 62
1749754848443 0.4570547640323639 63
1749754852191 0.4596095085144043 64
1749754855926 0.46560385823249817 65
1749754859705 0.4785487949848175 66
1749754863491 0.4876687824726105 67
1749754867247 0.44037050008773804 68
1749754870894 0.46267804503440857 69
1749754874959 0.4981018006801605 70
1749754879028 0.46012330055236816 71
1749754882876 0.45325836539268494 72
1749754886718 0.477792352437973 73
1749754890333 0.4750235378742218 74
1749754893818 0.4730967879295349 75
1749754897500 0.4557560086250305 76
1749754901214 0.47866296768188477 77
1749754904880 0.48193132877349854 78
1749754908667 0.4747951924800873 79
1749754912456 0.4875260591506958 80
1749754916293 0.4429965913295746 81
1749754920404 0.4865412712097168 82
1749754924006 0.4730825126171112 83
1749754927819 0.4426397979259491 84
1749754931390 0.441055566072464 85
1749754935003 0.42207348346710205 86
1749754938724 0.45913851261138916 87
1749754942282 0.4799617528915405 88
1749754945919 0.4756515324115753 89
1749754949427 0.40743014216423035 90
1749754953026 0.44959038496017456 91
1749754956671 0.4603659510612488 92
1749754960250 0.49504753947257996 93
1749754963836 0.4728256165981293 94
1749754967557 0.45699769258499146 95
1749754971220 0.4293951392173767 96
1749754974739 0.49135100841522217 97
1749754978360 0.4381583034992218 98
1749754981881 0.44212600588798523 99
1749754985444 0.5056089758872986 100
1749754989095 0.4824736714363098 101
1749754992716 0.41522279381752014 102
1749754996408 0.4557560086250305 103
1749755000117 0.42616960406303406 104
1749755003748 0.4711414873600006 105
1749755007425 0.47646504640579224 106
1749755011087 0.41272515058517456 107
1749755014632 0.4966317415237427 108
1749755018177 0.4194045662879944 109
1749755021695 0.4584391713142395 110
1749755025280 0.44102704524993896 111
1749755029083 0.453001469373703 112
1749755032840 0.4715125858783722 113
1749755036401 0.43922871351242065 114
1749755040152 0.48472869396209717 115
1749755043767 0.43713071942329407 116
1749755047516 0.49520450830459595 117
1749755051532 0.4698998034000397 118
1749755055469 0.4249279201030731 119
1749755059144 0.4756087064743042 120
1749755062818 0.43163588643074036 121
1749755066613 0.4104130268096924 122
1749755070259 0.47202637791633606 123
1749755073889 0.430793821811676 124
1749755077777 0.4614078104496002 125
1749755081580 0.45715469121932983 126
1749755085126 0.439485639333725 127
1749755088845 0.4346188008785248 128
1749755092469 0.48174577951431274 129
1749755096112 0.45073217153549194 130
1749755099835 0.45699769258499146 131
1749755103507 0.4426540732383728 132
1749755107101 0.45679786801338196 133
1749755110829 0.4564839005470276 134
1749755114350 0.45545628666877747 135
1749755117884 0.3999514877796173 136
1749755121460 0.44663602113723755 137
1749755125039 0.3756886422634125 138
1749755128617 0.3955841660499573 139
1749755132217 0.46127936244010925 140
1749755135773 0.4399280548095703 141
1749755139351 0.4551422894001007 142
1749755142892 0.4118688106536865 143
1749755146509 0.4101133346557617 144
1749755150153 0.4455941617488861 145
1749755153795 0.44565123319625854 146
1749755157429 0.441612184047699 147
1749755161045 0.39395713806152344 148
1749755164583 0.4614078104496002 149
1749755168129 0.47595125436782837 150
1749755171780 0.4109839200973511 151
1749755175331 0.4315217137336731 152
1749755178906 0.4401278793811798 153
1749755182617 0.4183198809623718 154
1749755186230 0.4547283947467804 155
1749755189866 0.4598521292209625 156
1749755193436 0.4556989073753357 157
1749755197010 0.4186338484287262 158
1749755200603 0.41171181201934814 159
1749755204212 0.4523449242115021 160
1749755207863 0.45694059133529663 161
1749755211550 0.4466931223869324 162
1749755215134 0.454699844121933 163
1749755218736 0.4572974145412445 164
1749755222325 0.464119553565979 165
1749755225893 0.4137812852859497 166
1749755229685 0.42885279655456543 167
1749755233218 0.4019067883491516 168
1749755236859 0.43788713216781616 169
1749755240418 0.46226415038108826 170
1749755243969 0.4132246673107147 171
1749755247568 0.39201611280441284 172
1749755251217 0.4607941210269928 173
1749755254770 0.46242114901542664 174
1749755258454 0.3992949426174164 175
1749755262070 0.44702136516571045 176
1749755265575 0.45738303661346436 177
1749755269233 0.38674962520599365 178
1749755272801 0.41580796241760254 179
1749755276492 0.4418548345565796 180
1749755280176 0.4323209524154663 181
1749755283700 0.4722975492477417 182
1749755287261 0.465232789516449 183
1749755290961 0.45792537927627563 184
1749755294537 0.4404846727848053 185
1749755298113 0.4732252359390259 186
1749755301914 0.44410982728004456 187
1749755305532 0.43047982454299927 188
1749755309180 0.4338909089565277 189
1749755312857 0.43340563774108887 190
1749755316466 0.3807981014251709 191
1749755320041 0.43263494968414307 192
1749755323628 0.43905746936798096 193
1749755327368 0.46207860112190247 194
1749755330976 0.44589388370513916 195
1749755334612 0.40349099040031433 196
1749755338216 0.44138383865356445 197
1749755341828 0.41055575013160706 198
1749755345532 0.41643592715263367 199
1749754618402 0.09492478519678116 0
