1749741511466 1.3471585512161255 0
1749741516727 1.2798950672149658 1
1749741521915 1.2566421031951904 2
1749741526928 1.2612022161483765 3
1749741532223 1.2599716186523438 4
1749741537175 1.2559623718261719 5
1749741541900 1.2449661493301392 6
1749741546695 1.2425514459609985 7
1749741551509 1.252139687538147 8
1749741556502 1.2440840005874634 9
1749741561327 1.2396013736724854 10
1749741565974 1.2459427118301392 11
1749741570591 1.2427560091018677 12
1749741575692 1.2437525987625122 13
1749741580882 1.2358509302139282 14
1749741585584 1.2387208938598633 15
1749741590786 1.2538625001907349 16
1749741595668 1.2414907217025757 17
1749741600924 1.2556318044662476 18
1749741605783 1.2480705976486206 19
1749741610894 1.2523137331008911 20
1749741616089 1.2464815378189087 21
1749741620863 1.252403736114502 22
1749741625761 1.2555301189422607 23
1749741630548 1.2515865564346313 24
1749741635262 1.253082513809204 25
1749741640124 1.2454537153244019 26
1749741644996 1.2436320781707764 27
1749741649791 1.237641453742981 28
1749741654461 1.2520421743392944 29
1749741659368 1.2424108982086182 30
1749741664161 1.2454932928085327 31
1749741668832 1.233988642692566 32
1749741673755 1.245771884918213 33
1749741678394 1.2395201921463013 34
1749741683183 1.240708351135254 35
1749741688082 1.250227689743042 36
1749741692679 1.247722864151001 37
1749741697461 1.2478876113891602 38
1749741702436 1.236338496208191 39
1749741707137 1.2371344566345215 40
1749741712012 1.2501860857009888 41
1749741716925 1.2464945316314697 42
1749741721791 1.2369734048843384 43
1749741726973 1.2525447607040405 44
1749741732235 1.2420039176940918 45
1749741737108 1.2411695718765259 46
1749741741874 1.2438455820083618 47
1749741746557 1.2397509813308716 48
1749741751162 1.244667887687683 49
1749741755982 1.2469003200531006 50
1749741760662 1.2424832582473755 51
1749741765478 1.2450659275054932 52
1749741770131 1.2445012331008911 53
1749741774996 1.2559956312179565 54
1749741779708 1.243091344833374 55
1749741784541 1.2492592334747314 56
1749741789197 1.257009744644165 57
1749741794015 1.2523113489151 58
1749741798662 1.2483071088790894 59
1749741803499 1.2428487539291382 60
1749741808233 1.247288465499878 61
1749741812861 1.2421997785568237 62
1749741818271 1.240203619003296 63
1749741823805 1.267532229423523 64
1749741829327 1.2687629461288452 65
1749741834969 1.2708100080490112 66
1749741840508 1.2715427875518799 67
1749741846060 1.2628198862075806 68
1749741851650 1.2704474925994873 69
1749741857201 1.2802067995071411 70
1749741862851 1.2703611850738525 71
1749741868363 1.2727112770080566 72
1749741873943 1.2683799266815186 73
1749741879510 1.273386001586914 74
1749741885114 1.277372121810913 75
1749741890790 1.2772018909454346 76
1749741896462 1.2684937715530396 77
1749741902126 1.2691090106964111 78
1749741907708 1.280480146408081 79
1749741913401 1.2932472229003906 80
1749741919044 1.2695538997650146 81
1749741924735 1.275536298751831 82
1749741930355 1.2718294858932495 83
1749741935956 1.269956111907959 84
1749741941642 1.2666593790054321 85
1749741947301 1.2785090208053589 86
1749741952934 1.2777988910675049 87
1749741958575 1.264573097229004 88
1749741964323 1.277848243713379 89
1749741969975 1.282627820968628 90
1749741975687 1.2787199020385742 91
1749741981202 1.2661609649658203 92
1749741986984 1.2710222005844116 93
1749741992580 1.2785676717758179 94
1749741998336 1.2762789726257324 95
1749742004038 1.277251958847046 96
1749742009595 1.2688250541687012 97
1749742015135 1.2793155908584595 98
1749742020676 1.2837592363357544 99
1749742026191 1.2815783023834229 100
1749742031746 1.2876275777816772 101
1749742037272 1.2772258520126343 102
1749742042925 1.284890055656433 103
1749742048397 1.2765218019485474 104
1749742053880 1.2847853899002075 105
1749742059454 1.2805299758911133 106
1749742064997 1.2805148363113403 107
1749742070590 1.2810378074645996 108
1749742076319 1.2763557434082031 109
1749742081894 1.2824430465698242 110
1749742087474 1.280115008354187 111
1749742093054 1.2742400169372559 112
1749742098632 1.2902607917785645 113
1749742104160 1.2782138586044312 114
1749742109708 1.277248501777649 115
1749742115323 1.283210277557373 116
1749742120834 1.281363606452942 117
1749742126366 1.272186517715454 118
1749742131928 1.2746198177337646 119
1749742137443 1.282122015953064 120
1749742143023 1.275892734527588 121
1749742148517 1.2946330308914185 122
1749742154135 1.2787761688232422 123
1749742159652 1.2724930047988892 124
1749742165210 1.2876274585723877 125
1749742170703 1.2823337316513062 126
1749742176164 1.2852641344070435 127
1749742181710 1.2841585874557495 128
1749742187274 1.2795073986053467 129
1749742192887 1.2905223369598389 130
1749742198351 1.2718913555145264 131
1749742203933 1.2760264873504639 132
1749742209472 1.2796915769577026 133
1749742215171 1.284889578819275 134
1749742220979 1.2881962060928345 135
1749742225721 1.2708101272583008 136
1749742230438 1.2833740711212158 137
1749742235091 1.2736843824386597 138
1749742239901 1.2795708179473877 139
1749742244733 1.2824138402938843 140
1749742249516 1.2735185623168945 141
1749742254366 1.2910460233688354 142
1749742259120 1.28411066532135 143
1749742263938 1.2748583555221558 144
1749742268729 1.2902182340621948 145
1749742273624 1.2923129796981812 146
1749742278366 1.2924625873565674 147
1749742283081 1.2834975719451904 148
1749742287781 1.2788143157958984 149
1749742292469 1.2859456539154053 150
1749742297147 1.2835109233856201 151
1749742301870 1.2809889316558838 152
1749742306599 1.2803552150726318 153
1749742311487 1.2957531213760376 154
1749742316208 1.282806634902954 155
1749742321088 1.2795591354370117 156
1749742325869 1.275923490524292 157
1749742330574 1.2814929485321045 158
1749742335295 1.2877787351608276 159
1749742339936 1.2784026861190796 160
1749742344683 1.2850542068481445 161
1749742349517 1.2730234861373901 162
1749742354326 1.2780771255493164 163
1749742359044 1.287469744682312 164
1749742363914 1.2776552438735962 165
1749742368692 1.2771934270858765 166
1749742373523 1.2767307758331299 167
1749742378324 1.3008382320404053 168
1749742383175 1.2799793481826782 169
1749742387848 1.2966630458831787 170
1749742392573 1.2768685817718506 171
1749742397301 1.2904212474822998 172
1749742402211 1.2771377563476562 173
1749742406919 1.2836060523986816 174
1749742411827 1.2806874513626099 175
1749742416537 1.2747410535812378 176
1749742421349 1.2824045419692993 177
1749742426122 1.2968451976776123 178
1749742431020 1.2756338119506836 179
1749742435752 1.2809597253799438 180
1749742440582 1.2842267751693726 181
1749742445312 1.2790242433547974 182
1749742450188 1.2824314832687378 183
1749742454905 1.2793940305709839 184
1749742459631 1.279927372932434 185
1749742464332 1.2804638147354126 186
1749742469095 1.294121265411377 187
1749742473919 1.2840685844421387 188
1749742478681 1.2820802927017212 189
1749742483512 1.2876101732254028 190
1749742488297 1.2748136520385742 191
1749742493143 1.2869304418563843 192
1749742497911 1.2846224308013916 193
1749742502668 1.2762010097503662 194
1749742507311 1.2818677425384521 195
1749742512046 1.2880785465240479 196
1749742516690 1.2827571630477905 197
1749742521367 1.282981276512146 198
1749742526076 1.276561975479126 199
1749741511466 1.3471585512161255 0
