1749741511466 0.9235268235206604 0
1749741516727 0.9700242877006531 1
1749741521915 0.9616700410842896 2
1749741526928 0.9607319831848145 3
1749741532223 0.9727043509483337 4
1749741537175 0.9731125235557556 5
1749741541900 0.9610804319381714 6
1749741546695 0.9651916027069092 7
1749741551509 0.95700603723526 8
1749741556502 0.9578050971031189 9
1749741561327 0.9571647047996521 10
1749741565974 0.9550068974494934 11
1749741570591 0.9626427888870239 12
1749741575692 0.9547567367553711 13
1749741580882 0.9591990113258362 14
1749741585584 0.9497856497764587 15
1749741590786 0.9630169868469238 16
1749741595668 0.9610252380371094 17
1749741600924 0.9579589366912842 18
1749741605783 0.9632049202919006 19
1749741610894 0.9499782919883728 20
1749741616089 0.9637991189956665 21
1749741620863 0.9632424712181091 22
1749741625761 0.9688490033149719 23
1749741630548 0.9565571546554565 24
1749741635262 0.9597758054733276 25
1749741640124 0.9646875262260437 26
1749741644996 0.9566514492034912 27
1749741649791 0.9525722861289978 28
1749741654461 0.9595834612846375 29
1749741659368 0.9657577276229858 30
1749741664161 0.9720403552055359 31
1749741668832 0.9663527607917786 32
1749741673755 0.9572716951370239 33
1749741678394 0.9537544250488281 34
1749741683183 0.9497181177139282 35
1749741688082 0.9669975638389587 36
1749741692679 0.9621660709381104 37
1749741697461 0.9545074105262756 38
1749741702436 0.9619402289390564 39
1749741707137 0.9622287154197693 40
1749741712012 0.9468064904212952 41
1749741716925 0.9506919384002686 42
1749741721791 0.9447179436683655 43
1749741726973 0.9631115794181824 44
1749741732235 0.9519046545028687 45
1749741737108 0.9519005417823792 46
1749741741874 0.9548339247703552 47
1749741746557 0.9423242807388306 48
1749741751162 0.9607242345809937 49
1749741755982 0.9649155735969543 50
1749741760662 0.9481345415115356 51
1749741765478 0.9589372873306274 52
1749741770131 0.9575701951980591 53
1749741774996 0.9708540439605713 54
1749741779708 0.9650999903678894 55
1749741784541 0.968461275100708 56
1749741789197 0.9696714878082275 57
1749741794015 0.9569557309150696 58
1749741798662 0.9453641176223755 59
1749741803499 0.9579676389694214 60
1749741808233 0.9441849589347839 61
1749741812861 0.9498346447944641 62
1749741818271 0.9527373909950256 63
1749741823805 0.9474778771400452 64
1749741829327 0.959357738494873 65
1749741834969 0.9470620155334473 66
1749741840508 0.9468456506729126 67
1749741846060 0.9333510994911194 68
1749741851650 0.9589739441871643 69
1749741857201 0.9514680504798889 70
1749741862851 0.9432548880577087 71
1749741868363 0.9469881653785706 72
1749741873943 0.9496957063674927 73
1749741879510 0.9544157385826111 74
1749741885114 0.946984589099884 75
1749741890790 0.9236371517181396 76
1749741896462 0.9494802355766296 77
1749741902126 0.9458609223365784 78
1749741907708 0.9595855474472046 79
1749741913401 0.9596835374832153 80
1749741919044 0.9693491458892822 81
1749741924735 0.9534605741500854 82
1749741930355 0.9592052102088928 83
1749741935956 0.9300989508628845 84
1749741941642 0.9522973895072937 85
1749741947301 0.958063006401062 86
1749741952934 0.9592612385749817 87
1749741958575 0.9560332894325256 88
1749741964323 0.9374427199363708 89
1749741969975 0.9566333889961243 90
1749741975687 0.9430791139602661 91
1749741981202 0.9254247546195984 92
1749741986984 0.9370692372322083 93
1749741992580 0.940727710723877 94
1749741998336 0.9360470175743103 95
1749742004038 0.9331161975860596 96
1749742009595 0.9562968015670776 97
1749742015135 0.9366225600242615 98
1749742020676 0.970598042011261 99
1749742026191 0.9528243541717529 100
1749742031746 0.9474697709083557 101
1749742037272 0.9614289402961731 102
1749742042925 0.9569705128669739 103
1749742048397 0.9594125151634216 104
1749742053880 0.9688517451286316 105
1749742059454 0.9636045098304749 106
1749742064997 0.9468702077865601 107
1749742070590 0.9506128430366516 108
1749742076319 0.9546686410903931 109
1749742081894 0.9574189782142639 110
1749742087474 0.9707270264625549 111
1749742093054 0.9301818609237671 112
1749742098632 0.9659247994422913 113
1749742104160 0.9694168567657471 114
1749742109708 0.967216968536377 115
1749742115323 0.9612637162208557 116
1749742120834 0.9603623747825623 117
1749742126366 0.9385924935340881 118
1749742131928 0.9634734392166138 119
1749742137443 0.9699288010597229 120
1749742143023 0.9709007143974304 121
1749742148517 0.9546167254447937 122
1749742154135 0.9503616690635681 123
1749742159652 0.9452906847000122 124
1749742165210 0.9642661213874817 125
1749742170703 0.954386293888092 126
1749742176164 0.9632960557937622 127
1749742181710 0.9644599556922913 128
1749742187274 0.9729923009872437 129
1749742192887 0.9689831137657166 130
1749742198351 0.9551140666007996 131
1749742203933 0.9532535672187805 132
1749742209472 0.9749581217765808 133
1749742215171 0.9684831500053406 134
1749742220979 0.9690595865249634 135
1749742225721 0.9730469584465027 136
1749742230438 0.9659018516540527 137
1749742235091 0.9654589295387268 138
1749742239901 0.9729318618774414 139
1749742244733 0.9716717004776001 140
1749742249516 0.9721477031707764 141
1749742254366 0.9611509442329407 142
1749742259120 0.9426484704017639 143
1749742263938 0.9610018134117126 144
1749742268729 0.9670494794845581 145
1749742273624 0.9634346961975098 146
1749742278366 0.9625904560089111 147
1749742283081 0.9751532077789307 148
1749742287781 0.959067702293396 149
1749742292469 0.9490725994110107 150
1749742297147 0.9698197841644287 151
1749742301870 0.9689198136329651 152
1749742306599 0.9642857313156128 153
1749742311487 0.9712613821029663 154
1749742316208 0.9719527363777161 155
1749742321088 0.9636791348457336 156
1749742325869 0.9566488862037659 157
1749742330574 0.9654080271720886 158
1749742335295 0.9555104970932007 159
1749742339936 0.968208372592926 160
1749742344683 0.966495931148529 161
1749742349517 0.95502769947052 162
1749742354326 0.9659579992294312 163
1749742359044 0.9684800505638123 164
1749742363914 0.9637729525566101 165
1749742368692 0.964457631111145 166
1749742373523 0.9727938175201416 167
1749742378324 0.9557636976242065 168
1749742383175 0.9681724905967712 169
1749742387848 0.9628543853759766 170
1749742392573 0.9587244391441345 171
1749742397301 0.9598963856697083 172
1749742402211 0.9398323893547058 173
1749742406919 0.9452564716339111 174
1749742411827 0.9576687216758728 175
1749742416537 0.9551350474357605 176
1749742421349 0.9620027542114258 177
1749742426122 0.9651393890380859 178
1749742431020 0.9667142629623413 179
1749742435752 0.9612137675285339 180
1749742440582 0.9612196683883667 181
1749742445312 0.960900604724884 182
1749742450188 0.9617795348167419 183
1749742454905 0.9687744379043579 184
1749742459631 0.9674459099769592 185
1749742464332 0.9510971307754517 186
1749742469095 0.9545280933380127 187
1749742473919 0.9664539694786072 188
1749742478681 0.9678096175193787 189
1749742483512 0.9571428298950195 190
1749742488297 0.9346764087677002 191
1749742493143 0.9648764133453369 192
1749742497911 0.9579177498817444 193
1749742502668 0.9544724225997925 194
1749742507311 0.9624441862106323 195
1749742512046 0.9518871903419495 196
1749742516690 0.9616883397102356 197
1749742521367 0.9349815845489502 198
1749742526076 0.9589983224868774 199
1749741511466 0.9235268235206604 0
