1749741511466 0.14874546229839325 0
1749741516727 0.34731540083885193 1
1749741521915 0.39317214488983154 2
1749741526928 0.4420689046382904 3
1749741532223 0.45113179087638855 4
1749741537175 0.4411269426345825 5
1749741541900 0.4468929171562195 6
1749741546695 0.4594667851924896 7
1749741551509 0.4463505744934082 8
1749741556502 0.4334770143032074 9
1749741561327 0.4461650550365448 10
1749741565974 0.47258299589157104 11
1749741570591 0.4354465901851654 12
1749741575692 0.46322038769721985 13
1749741580882 0.43685951828956604 14
1749741585584 0.44272541999816895 15
1749741590786 0.4429965913295746 16
1749741595668 0.4420118033885956 17
1749741600924 0.4169211983680725 18
1749741605783 0.44609367847442627 19
1749741610894 0.4377444088459015 20
1749741616089 0.4240573048591614 21
1749741620863 0.44993293285369873 22
1749741625761 0.44078439474105835 23
1749741630548 0.4522164762020111 24
1749741635262 0.44236862659454346 25
1749741640124 0.43200695514678955 26
1749741644996 0.40725886821746826 27
1749741649791 0.450047105550766 28
1749741654461 0.4432249665260315 29
1749741659368 0.44077011942863464 30
1749741664161 0.43862929940223694 31
1749741668832 0.47302544116973877 32
1749741673755 0.46651726961135864 33
1749741678394 0.44740673899650574 34
1749741683183 0.439942330121994 35
1749741688082 0.4198612868785858 36
1749741692679 0.41994690895080566 37
1749741697461 0.4231296181678772 38
1749741702436 0.45342960953712463 39
1749741707137 0.43157878518104553 40
1749741712012 0.42906686663627625 41
1749741716925 0.4127679765224457 42
1749741721791 0.4190192222595215 43
1749741726973 0.44194045662879944 44
1749741732235 0.4251277446746826 45
1749741737108 0.4578540325164795 46
1749741741874 0.42301544547080994 47
1749741746557 0.4369879961013794 48
1749741751162 0.43394798040390015 49
1749741755982 0.43805840611457825 50
1749741760662 0.4424970746040344 51
1749741765478 0.44662174582481384 52
1749741770131 0.4477207064628601 53
1749741774996 0.4492621123790741 54
1749741779708 0.4428253471851349 55
1749741784541 0.45929551124572754 56
1749741789197 0.4444523751735687 57
1749741794015 0.41597920656204224 58
1749741798662 0.4205606281757355 59
1749741803499 0.4144092798233032 60
1749741808233 0.40681642293930054 61
1749741812861 0.43047982454299927 62
1749741818271 0.45054662227630615 63
1749741823805 0.39006081223487854 64
1749741829327 0.3291468024253845 65
1749741834969 0.32273855805397034 66
1749741840508 0.34830018877983093 67
1749741846060 0.350169837474823 68
1749741851650 0.3195986747741699 69
1749741857201 0.28120627999305725 70
1749741862851 0.30367082357406616 71
1749741868363 0.27127280831336975 72
1749741873943 0.3518967926502228 73
1749741879510 0.32452258467674255 74
1749741885114 0.26131075620651245 75
1749741890790 0.24254274368286133 76
1749741896462 0.3441469371318817 77
1749741902126 0.3346273601055145 78
1749741907708 0.2656780779361725 79
1749741913401 0.2891131341457367 80
1749741919044 0.3254360258579254 81
1749741924735 0.3073102533817291 82
1749741930355 0.32450830936431885 83
1749741935956 0.29112550616264343 84
1749741941642 0.33307167887687683 85
1749741947301 0.3540947139263153 86
1749741952934 0.30615419149398804 87
1749741958575 0.38017013669013977 88
1749741964323 0.3066965341567993 89
1749741969975 0.28177717328071594 90
1749741975687 0.275483101606369 91
1749741981202 0.3094082772731781 92
1749741986984 0.31049296259880066 93
1749741992580 0.29741957783699036 94
1749741998336 0.32295265793800354 95
1749742004038 0.2903119921684265 96
1749742009595 0.32978904247283936 97
1749742015135 0.2647075653076172 98
1749742020676 0.2916392982006073 99
1749742026191 0.2848029136657715 100
1749742031746 0.3230668306350708 101
1749742037272 0.3468586802482605 102
1749742042925 0.2818628251552582 103
1749742048397 0.2955356240272522 104
1749742053880 0.3524819314479828 105
1749742059454 0.33743900060653687 106
1749742064997 0.29836153984069824 107
1749742070590 0.34092143177986145 108
1749742076319 0.27652499079704285 109
1749742081894 0.31320470571517944 110
1749742087474 0.33177289366722107 111
1749742093054 0.30442726612091064 112
1749742098632 0.24962177872657776 113
1749742104160 0.30536922812461853 114
1749742109708 0.3503411114215851 115
1749742115323 0.345674067735672 116
1749742120834 0.3222818374633789 117
1749742126366 0.3226386606693268 118
1749742131928 0.3591471016407013 119
1749742137443 0.26055434346199036 120
1749742143023 0.32476523518562317 121
1749742148517 0.26928895711898804 122
1749742154135 0.2869151830673218 123
1749742159652 0.3427768051624298 124
1749742165210 0.3265920579433441 125
1749742170703 0.29563555121421814 126
1749742176164 0.28280478715896606 127
1749742181710 0.32727712392807007 128
1749742187274 0.3496417701244354 129
1749742192887 0.29293808341026306 130
1749742198351 0.30946534872055054 131
1749742203933 0.32741984724998474 132
1749742209472 0.32395169138908386 133
1749742215171 0.24603945016860962 134
1749742220979 0.30575457215309143 135
1749742225721 0.3246082365512848 136
1749742230438 0.3028144836425781 137
1749742235091 0.3015870749950409 138
1749742239901 0.2647075653076172 139
1749742244733 0.2721862196922302 140
1749742249516 0.2998886704444885 141
1749742254366 0.3308594822883606 142
1749742259120 0.2376330941915512 143
1749742263938 0.2732709050178528 144
1749742268729 0.26681986451148987 145
1749742273624 0.26774755120277405 146
1749742278366 0.25817087292671204 147
1749742283081 0.33384236693382263 148
1749742287781 0.31066423654556274 149
1749742292469 0.2928381860256195 150
1749742297147 0.29719123244285583 151
1749742301870 0.3078954219818115 152
1749742306599 0.2974909245967865 153
1749742311487 0.32221049070358276 154
1749742316208 0.2616390287876129 155
1749742321088 0.3392943739891052 156
1749742325869 0.3502269387245178 157
1749742330574 0.3262209892272949 158
1749742335295 0.2826192378997803 159
1749742339936 0.25992634892463684 160
1749742344683 0.29355180263519287 161
1749742349517 0.29035481810569763 162
1749742354326 0.313861221075058 163
1749742359044 0.3056546747684479 164
1749742363914 0.3094511032104492 165
1749742368692 0.35746297240257263 166
1749742373523 0.33936575055122375 167
1749742378324 0.3043558895587921 168
1749742383175 0.282633513212204 169
1749742387848 0.2719150483608246 170
1749742392573 0.3265349864959717 171
1749742397301 0.2538178265094757 172
1749742402211 0.275326132774353 173
1749742406919 0.30090200901031494 174
1749742411827 0.3119059205055237 175
1749742416537 0.2932092547416687 176
1749742421349 0.3002740144729614 177
1749742426122 0.27027374505996704 178
1749742431020 0.34777209162712097 179
1749742435752 0.32823339104652405 180
1749742440582 0.27805212140083313 181
1749742445312 0.3051551282405853 182
1749742450188 0.33723917603492737 183
1749742454905 0.300216943025589 184
1749742459631 0.3024148643016815 185
1749742464332 0.2678617238998413 186
1749742469095 0.2852168083190918 187
1749742473919 0.28535953164100647 188
1749742478681 0.3029429316520691 189
1749742483512 0.3289470076560974 190
1749742488297 0.24301372468471527 191
1749742493143 0.29640623927116394 192
1749742497911 0.3317015469074249 193
1749742502668 0.3306311070919037 194
1749742507311 0.2893129289150238 195
1749742512046 0.2620386481285095 196
1749742516690 0.2959209978580475 197
1749742521367 0.28281906247138977 198
1749742526076 0.3224673867225647 199
1749741511466 0.14874546229839325 0
