1749637011781 1.3572001457214355 0
1749637024129 1.3145564794540405 1
1749637036584 1.2791396379470825 2
1749637049434 1.2843761444091797 3
1749637063993 1.2596684694290161 4
1749637077459 1.2678444385528564 5
1749637090956 1.2540231943130493 6
1749637104353 1.258467674255371 7
1749637117512 1.2630366086959839 8
1749637131618 1.269639015197754 9
1749637145732 1.275707483291626 10
1749637158698 1.256783366203308 11
1749637172188 1.2681323289871216 12
1749637185008 1.2741684913635254 13
1749637197786 1.275951623916626 14
1749637210397 1.2607090473175049 15
1749637222874 1.2692664861679077 16
1749637235356 1.29018235206604 17
1749637247835 1.2959386110305786 18
1749637260313 1.2765198945999146 19
1749637272689 1.2890316247940063 20
1749637285104 1.3171637058258057 21
1749637297433 1.2993875741958618 22
1749637309908 1.3001153469085693 23
1749637322478 1.3043007850646973 24
