1749637011781 0.8834742903709412 0
1749637024129 0.9599123001098633 1
1749637036584 0.966242253780365 2
1749637049434 0.9603864550590515 3
1749637063993 0.9644814729690552 4
1749637077459 0.9665600061416626 5
1749637090956 0.954876184463501 6
1749637104353 0.9548889398574829 7
1749637117512 0.9555307626724243 8
1749637131618 0.9645729064941406 9
1749637145732 0.9560397267341614 10
1749637158698 0.950643002986908 11
1749637172188 0.9608737826347351 12
1749637185008 0.9467137455940247 13
1749637197786 0.9552232623100281 14
1749637210397 0.941631019115448 15
1749637222874 0.928507924079895 16
1749637235356 0.9423922300338745 17
1749637247835 0.931728184223175 18
1749637260313 0.9462306499481201 19
1749637272689 0.9496110081672668 20
1749637285104 0.9258562922477722 21
1749637297433 0.9370914697647095 22
1749637309908 0.957576334476471 23
1749637322478 0.9674662947654724 24
