1749637011781 0.21466898918151855 0
1749637024129 0.32141634821891785 1
1749637036584 0.4294847846031189 2
1749637049434 0.3875034749507904 3
1749637063993 0.4247223138809204 4
1749637077459 0.4384225308895111 5
1749637090956 0.44522368907928467 6
1749637104353 0.40392738580703735 7
1749637117512 0.40547680854797363 8
1749637131618 0.4147570729255676 9
1749637145732 0.3642783761024475 10
1749637158698 0.4388465881347656 11
1749637172188 0.4017418920993805 12
1749637185008 0.41089165210723877 13
1749637197786 0.37925073504447937 14
1749637210397 0.40940746665000916 15
1749637222874 0.32366707921028137 16
1749637235356 0.33911243081092834 17
1749637247835 0.330093115568161 18
1749637260313 0.36623555421829224 19
1749637272689 0.3424069881439209 20
1749637285104 0.28920456767082214 21
1749637297433 0.2548562288284302 22
1749637309908 0.3309575319290161 23
1749637322478 0.3453264534473419 24
