1749756417429 1.351096272468567 0
1749756421274 1.2827043533325195 1
1749756425626 1.2561655044555664 2
1749756429976 1.252990961074829 3
1749756433916 1.2508866786956787 4
1749756437851 1.2378973960876465 5
1749756441655 1.2375710010528564 6
1749756445188 1.2372838258743286 7
1749756448779 1.2292813062667847 8
1749756452381 1.2211922407150269 9
1749756455779 1.2270928621292114 10
1749756459159 1.2226064205169678 11
1749756462643 1.2245835065841675 12
1749756466174 1.2289870977401733 13
1749756469819 1.2160972356796265 14
1749756473300 1.2117395401000977 15
1749756476786 1.2148038148880005 16
1749756480188 1.217682123184204 17
1749756483802 1.2160446643829346 18
1749756487220 1.2072341442108154 19
1749756490547 1.2091699838638306 20
1749756493896 1.207715392112732 21
1749756497237 1.2154229879379272 22
1749756500532 1.2063695192337036 23
1749756503824 1.207942247390747 24
1749756507273 1.1994516849517822 25
1749756510691 1.1995404958724976 26
1749756514376 1.208466649055481 27
1749756517732 1.2032605409622192 28
1749756521118 1.1922566890716553 29
1749756524492 1.2010424137115479 30
1749756527786 1.2012962102890015 31
1749756531412 1.2132503986358643 32
1749756535227 1.1906688213348389 33
1749756538900 1.1988048553466797 34
1749756542525 1.2019869089126587 35
1749756546243 1.198230266571045 36
1749756549969 1.1873927116394043 37
1749756553723 1.1916037797927856 38
1749756557227 1.195054292678833 39
1749756560863 1.2004085779190063 40
1749756564420 1.2022132873535156 41
1749756568079 1.1987978219985962 42
1749756571795 1.192384123802185 43
1749756575544 1.1947036981582642 44
1749756579166 1.1873750686645508 45
1749756582877 1.1904915571212769 46
1749756586674 1.1885805130004883 47
1749756590235 1.1897859573364258 48
1749756593916 1.1923274993896484 49
1749756597576 1.1900352239608765 50
1749756601247 1.1928852796554565 51
1749756604926 1.18410062789917 52
1749756608464 1.1903995275497437 53
1749756611981 1.1829899549484253 54
1749756615462 1.1985008716583252 55
1749756618968 1.1890136003494263 56
1749756622412 1.1848138570785522 57
1749756625864 1.1815094947814941 58
1749756629212 1.1895813941955566 59
1749756632677 1.1955616474151611 60
1749756636097 1.1862342357635498 61
1749756639759 1.1995004415512085 62
1749756643552 1.190612554550171 63
1749756647572 1.1900745630264282 64
1749756651527 1.2020610570907593 65
1749756655827 1.1858450174331665 66
1749756660088 1.1884855031967163 67
1749756663908 1.1844128370285034 68
1749756667984 1.1825008392333984 69
1749756671793 1.1893436908721924 70
1749756675698 1.195526123046875 71
1749756679489 1.1940771341323853 72
1749756683411 1.1899280548095703 73
1749756687930 1.1664239168167114 74
1749756691724 1.2011607885360718 75
1749756695683 1.1902315616607666 76
1749756699514 1.1976805925369263 77
1749756703336 1.1880110502243042 78
1749756707093 1.1907336711883545 79
1749756710915 1.182996392250061 80
1749756714882 1.188079833984375 81
1749756719338 1.2000263929367065 82
1749756723093 1.180755853652954 83
1749756726995 1.188612937927246 84
1749756730709 1.1836458444595337 85
1749756734503 1.1869730949401855 86
1749756738319 1.2007421255111694 87
1749756742123 1.179016351699829 88
1749756745774 1.1839380264282227 89
1749756750311 1.1816561222076416 90
1749756754177 1.1768035888671875 91
1749756758054 1.1763064861297607 92
1749756761962 1.2036961317062378 93
1749756766133 1.181516408920288 94
1749756770267 1.1904666423797607 95
1749756774191 1.1864384412765503 96
1749756778436 1.1913281679153442 97
1749756782684 1.1908421516418457 98
1749756786615 1.1888114213943481 99
1749756790121 1.1873350143432617 100
1749756793823 1.2024599313735962 101
1749756797544 1.197203516960144 102
1749756801515 1.1949114799499512 103
1749756805367 1.1822903156280518 104
1749756809812 1.1898175477981567 105
1749756813944 1.1893426179885864 106
1749756817811 1.185133695602417 107
1749756821432 1.1960846185684204 108
1749756825202 1.1824678182601929 109
1749756828812 1.1752508878707886 110
1749756832301 1.194287657737732 111
1749756835903 1.19359290599823 112
1749756839966 1.182285189628601 113
1749756844502 1.1890188455581665 114
1749756848177 1.1961909532546997 115
1749756851778 1.1953343152999878 116
1749756855599 1.1933809518814087 117
1749756859314 1.188785433769226 118
1749756863015 1.1801141500473022 119
1749756866823 1.1950511932373047 120
1749756871149 1.1962090730667114 121
1749756874921 1.2218676805496216 122
1749756878597 1.1895066499710083 123
1749756882310 1.1887409687042236 124
1749756886163 1.1868387460708618 125
1749756889907 1.1899398565292358 126
1749756893683 1.1831974983215332 127
1749756897621 1.2018828392028809 128
1749756902074 1.1895533800125122 129
1749756906224 1.1851896047592163 130
1749756910203 1.1923304796218872 131
1749756914125 1.2097017765045166 132
1749756918206 1.2067807912826538 133
1749756922354 1.1925499439239502 134
1749756926144 1.2029751539230347 135
1749756930095 1.1898988485336304 136
1749756934267 1.1883078813552856 137
1749756938305 1.197237491607666 138
1749756942030 1.1948765516281128 139
1749756945801 1.1871541738510132 140
1749756949690 1.1893060207366943 141
1749756953460 1.1805124282836914 142
1749756957237 1.1961053609848022 143
1749756961292 1.1871991157531738 144
1749756965327 1.2006068229675293 145
1749756969099 1.2075061798095703 146
1749756972681 1.1958637237548828 147
1749756976393 1.189285397529602 148
1749756980127 1.1987446546554565 149
1749756983820 1.1898082494735718 150
1749756987531 1.192563772201538 151
1749756991466 1.1863081455230713 152
1749756995381 1.1958627700805664 153
1749756999099 1.1866061687469482 154
1749757002763 1.1885424852371216 155
1749757006412 1.187483310699463 156
1749757009890 1.1995517015457153 157
1749757013667 1.188876986503601 158
1749757017398 1.1884833574295044 159
1749757021143 1.1939706802368164 160
1749757025369 1.2003381252288818 161
1749757029164 1.1924816370010376 162
1749757032977 1.180513858795166 163
1749757036894 1.200727939605713 164
1749757040620 1.1967850923538208 165
1749757044179 1.1948435306549072 166
1749757047764 1.2040164470672607 167
1749757051547 1.1951417922973633 168
1749757056012 1.1897566318511963 169
1749757060038 1.1920675039291382 170
1749757064058 1.1936137676239014 171
1749757068261 1.1896594762802124 172
1749757072379 1.1953022480010986 173
1749757076484 1.1958041191101074 174
1749757080613 1.19426429271698 175
1749757084883 1.1857882738113403 176
1749757088813 1.2019222974777222 177
1749757092574 1.1931965351104736 178
1749757096425 1.191118597984314 179
1749757100105 1.1895413398742676 180
1749757103891 1.200852870941162 181
1749757107819 1.194405436515808 182
1749757111600 1.2047208547592163 183
1749757115763 1.189480185508728 184
1749757119649 1.1910309791564941 185
1749757123553 1.2028539180755615 186
1749757127531 1.196547508239746 187
1749757131260 1.1981477737426758 188
1749757135003 1.1988650560379028 189
1749757138814 1.1843369007110596 190
1749757142610 1.1883676052093506 191
1749757146965 1.1988797187805176 192
1749757150922 1.1957610845565796 193
1749757155082 1.1820013523101807 194
1749757159358 1.2065449953079224 195
1749757163574 1.209309697151184 196
1749757167407 1.19976806640625 197
1749757171148 1.1881200075149536 198
1749757175281 1.182896614074707 199
1749756417429 1.351096272468567 0
