1749756417429 0.9435275197029114 0
1749756421274 0.9746569991111755 1
1749756425626 0.9742531776428223 2
1749756429976 0.9678446650505066 3
1749756433916 0.9638862609863281 4
1749756437851 0.9624395966529846 5
1749756441655 0.9571168422698975 6
1749756445188 0.9561870694160461 7
1749756448779 0.9632017612457275 8
1749756452381 0.960590660572052 9
1749756455779 0.9507887959480286 10
1749756459159 0.9549494981765747 11
1749756462643 0.9621387124061584 12
1749756466174 0.9543344974517822 13
1749756469819 0.9513062238693237 14
1749756473300 0.9582560062408447 15
1749756476786 0.9571236968040466 16
1749756480188 0.9489877820014954 17
1749756483802 0.9489063620567322 18
1749756487220 0.9522872567176819 19
1749756490547 0.9523073434829712 20
1749756493896 0.9578410387039185 21
1749756497237 0.9574966430664062 22
1749756500532 0.9567904472351074 23
1749756503824 0.9546520709991455 24
1749756507273 0.9540605545043945 25
1749756510691 0.9515120387077332 26
1749756514376 0.9591377973556519 27
1749756517732 0.9483031630516052 28
1749756521118 0.9467520713806152 29
1749756524492 0.9416400790214539 30
1749756527786 0.9421854019165039 31
1749756531412 0.9533059000968933 32
1749756535227 0.9582057595252991 33
1749756538900 0.9522421956062317 34
1749756542525 0.9541409015655518 35
1749756546243 0.9577200412750244 36
1749756549969 0.9481533765792847 37
1749756553723 0.9510177969932556 38
1749756557227 0.9526225924491882 39
1749756560863 0.9418561458587646 40
1749756564420 0.9520853161811829 41
1749756568079 0.9458315968513489 42
1749756571795 0.9609757661819458 43
1749756575544 0.9540625214576721 44
1749756579166 0.947858452796936 45
1749756582877 0.9419277310371399 46
1749756586674 0.9435626864433289 47
1749756590235 0.9523035883903503 48
1749756593916 0.9502502083778381 49
1749756597576 0.9481398463249207 50
1749756601247 0.9478699564933777 51
1749756604926 0.9537186026573181 52
1749756608464 0.9444834589958191 53
1749756611981 0.9391086101531982 54
1749756615462 0.9496094584465027 55
1749756618968 0.9444582462310791 56
1749756622412 0.9479666352272034 57
1749756625864 0.9341037273406982 58
1749756629212 0.9508656859397888 59
1749756632677 0.9493532180786133 60
1749756636097 0.9464988708496094 61
1749756639759 0.9484418630599976 62
1749756643552 0.9487823247909546 63
1749756647572 0.9454686641693115 64
1749756651527 0.9461483359336853 65
1749756655827 0.951321005821228 66
1749756660088 0.9389744997024536 67
1749756663908 0.9444009065628052 68
1749756667984 0.946864664554596 69
1749756671793 0.94729083776474 70
1749756675698 0.9499855041503906 71
1749756679489 0.9401226043701172 72
1749756683411 0.9510699510574341 73
1749756687930 0.9416655898094177 74
1749756691724 0.9434606432914734 75
1749756695683 0.9528306722640991 76
1749756699514 0.9451780319213867 77
1749756703336 0.9539527893066406 78
1749756707093 0.9522164463996887 79
1749756710915 0.9479092359542847 80
1749756714882 0.9493954181671143 81
1749756719338 0.946826696395874 82
1749756723093 0.9427733421325684 83
1749756726995 0.9391613602638245 84
1749756730709 0.9321959018707275 85
1749756734503 0.9427030682563782 86
1749756738319 0.9415445327758789 87
1749756742123 0.9429301023483276 88
1749756745774 0.9433122277259827 89
1749756750311 0.938430666923523 90
1749756754177 0.9292840361595154 91
1749756758054 0.9287887811660767 92
1749756761962 0.9383257627487183 93
1749756766133 0.9405974745750427 94
1749756770267 0.9362427592277527 95
1749756774191 0.9404175877571106 96
1749756778436 0.9326246976852417 97
1749756782684 0.9349835515022278 98
1749756786615 0.937117338180542 99
1749756790121 0.9475287795066833 100
1749756793823 0.9441417455673218 101
1749756797544 0.9318674802780151 102
1749756801515 0.9449551105499268 103
1749756805367 0.9437274932861328 104
1749756809812 0.9400853514671326 105
1749756813944 0.9455986022949219 106
1749756817811 0.9296553134918213 107
1749756821432 0.9378454685211182 108
1749756825202 0.9367213845252991 109
1749756828812 0.9263737797737122 110
1749756832301 0.9319360256195068 111
1749756835903 0.94825279712677 112
1749756839966 0.9338914155960083 113
1749756844502 0.9420797228813171 114
1749756848177 0.9397236108779907 115
1749756851778 0.9390514492988586 116
1749756855599 0.9459565877914429 117
1749756859314 0.9393584132194519 118
1749756863015 0.9329990148544312 119
1749756866823 0.9354043006896973 120
1749756871149 0.9321065545082092 121
1749756874921 0.9350070357322693 122
1749756878597 0.9434781670570374 123
1749756882310 0.935063898563385 124
1749756886163 0.93543940782547 125
1749756889907 0.9367929100990295 126
1749756893683 0.9360966086387634 127
1749756897621 0.9392671585083008 128
1749756902074 0.9327316880226135 129
1749756906224 0.9350529909133911 130
1749756910203 0.9328640699386597 131
1749756914125 0.9428887367248535 132
1749756918206 0.9411666393280029 133
1749756922354 0.935003399848938 134
1749756926144 0.9426860809326172 135
1749756930095 0.9271036982536316 136
1749756934267 0.9384554624557495 137
1749756938305 0.924997091293335 138
1749756942030 0.9364745616912842 139
1749756945801 0.9356576204299927 140
1749756949690 0.9408001899719238 141
1749756953460 0.9428680539131165 142
1749756957237 0.9363471865653992 143
1749756961292 0.9367495179176331 144
1749756965327 0.944119930267334 145
1749756969099 0.9326449632644653 146
1749756972681 0.938050389289856 147
1749756976393 0.9344760775566101 148
1749756980127 0.9398482441902161 149
1749756983820 0.940244734287262 150
1749756987531 0.9397199749946594 151
1749756991466 0.9395319819450378 152
1749756995381 0.9352318644523621 153
1749756999099 0.9366773366928101 154
1749757002763 0.942539632320404 155
1749757006412 0.9372600317001343 156
1749757009890 0.9446921944618225 157
1749757013667 0.944252610206604 158
1749757017398 0.9387476444244385 159
1749757021143 0.9323756694793701 160
1749757025369 0.9335113167762756 161
1749757029164 0.9412978291511536 162
1749757032977 0.9305558800697327 163
1749757036894 0.9384286999702454 164
1749757040620 0.9416616559028625 165
1749757044179 0.938458263874054 166
1749757047764 0.9366518259048462 167
1749757051547 0.9359492659568787 168
1749757056012 0.9374366998672485 169
1749757060038 0.938494086265564 170
1749757064058 0.9414892196655273 171
1749757068261 0.9392520785331726 172
1749757072379 0.9411174654960632 173
1749757076484 0.9388025999069214 174
1749757080613 0.9447966814041138 175
1749757084883 0.9353680610656738 176
1749757088813 0.9297829270362854 177
1749757092574 0.9407358169555664 178
1749757096425 0.9277834892272949 179
1749757100105 0.9318212866783142 180
1749757103891 0.9445909857749939 181
1749757107819 0.9366976022720337 182
1749757111600 0.9351089596748352 183
1749757115763 0.9248429536819458 184
1749757119649 0.9402140378952026 185
1749757123553 0.9332277178764343 186
1749757127531 0.941465437412262 187
1749757131260 0.9369879961013794 188
1749757135003 0.9439380764961243 189
1749757138814 0.9351453185081482 190
1749757142610 0.9380224347114563 191
1749757146965 0.9410473108291626 192
1749757150922 0.93739914894104 193
1749757155082 0.9267541766166687 194
1749757159358 0.9379368424415588 195
1749757163574 0.9441925883293152 196
1749757167407 0.9412108063697815 197
1749757171148 0.9443659782409668 198
1749757175281 0.937178909778595 199
1749756417429 0.9435275197029114 0
