1749756417429 0.08322153240442276 0
1749756421274 0.3386664092540741 1
1749756425626 0.38074102997779846 2
1749756429976 0.35569319128990173 3
1749756433916 0.3763594329357147 4
1749756437851 0.40922844409942627 5
1749756441655 0.412197083234787 6
1749756445188 0.4201895296573639 7
1749756448779 0.4520309567451477 8
1749756452381 0.45676931738853455 9
1749756455779 0.46794450283050537 10
1749756459159 0.47376757860183716 11
1749756462643 0.4584391713142395 12
1749756466174 0.47842034697532654 13
1749756469819 0.5041247010231018 14
1749756473300 0.5012702345848083 15
1749756476786 0.48841091990470886 16
1749756480188 0.4890674650669098 17
1749756483802 0.47552308440208435 18
1749756487220 0.4697285294532776 19
1749756490547 0.5101190209388733 20
1749756493896 0.4906088411808014 21
1749756497237 0.501569926738739 22
1749756500532 0.4838438034057617 23
1749756503824 0.5053663849830627 24
1749756507273 0.5003282427787781 25
1749756510691 0.5016127824783325 26
1749756514376 0.5296434760093689 27
1749756517732 0.4961179494857788 28
1749756521118 0.5273171067237854 29
1749756524492 0.50984787940979 30
1749756527786 0.4947192668914795 31
1749756531412 0.528858482837677 32
1749756535227 0.5225644111633301 33
1749756538900 0.5364227890968323 34
1749756542525 0.5003567934036255 35
1749756546243 0.5247052907943726 36
1749756549969 0.4972169101238251 37
1749756553723 0.5267747640609741 38
1749756557227 0.5171266794204712 39
1749756560863 0.5083920955657959 40
1749756564420 0.5033825039863586 41
1749756568079 0.5136157274246216 42
1749756571795 0.5099620223045349 43
1749756575544 0.5382924675941467 44
1749756579166 0.5347244143486023 45
1749756582877 0.5252618789672852 46
1749756586674 0.5099192261695862 47
1749756590235 0.5271743535995483 48
1749756593916 0.520409345626831 49
1749756597576 0.5197813510894775 50
1749756601247 0.5252476334571838 51
1749756604926 0.5073359608650208 52
1749756608464 0.5181543231010437 53
1749756611981 0.5238775014877319 54
1749756615462 0.518825113773346 55
1749756618968 0.5414466261863708 56
1749756622412 0.5416179299354553 57
1749756625864 0.47645077109336853 58
1749756629212 0.5173265337944031 59
1749756632677 0.5195387005805969 60
1749756636097 0.5077641010284424 61
1749756639759 0.5229926109313965 62
1749756643552 0.46928611397743225 63
1749756647572 0.5211372375488281 64
1749756651527 0.5085347890853882 65
1749756655827 0.5123740434646606 66
1749756660088 0.4686295688152313 67
1749756663908 0.5328547358512878 68
1749756667984 0.5096765756607056 69
1749756671793 0.48607027530670166 70
1749756675698 0.515342652797699 71
1749756679489 0.512259840965271 72
1749756683411 0.5201524496078491 73
1749756687930 0.5252904295921326 74
1749756691724 0.5087060928344727 75
1749756695683 0.519809901714325 76
1749756699514 0.5179687738418579 77
1749756703336 0.5106328129768372 78
1749756707093 0.5349813103675842 79
1749756710915 0.5293009281158447 80
1749756714882 0.48411497473716736 81
1749756719338 0.47396740317344666 82
1749756723093 0.5001142024993896 83
1749756726995 0.4750092625617981 84
1749756730709 0.5107612609863281 85
1749756734503 0.5339822173118591 86
1749756738319 0.42735421657562256 87
1749756742123 0.5322267413139343 88
1749756745774 0.5139439702033997 89
1749756750311 0.5136014819145203 90
1749756754177 0.46794450283050537 91
1749756758054 0.5314560532569885 92
1749756761962 0.50984787940979 93
1749756766133 0.5087060928344727 94
1749756770267 0.4702994227409363 95
1749756774191 0.5045956373214722 96
1749756778436 0.46209287643432617 97
1749756782684 0.4620072543621063 98
1749756786615 0.5155710577964783 99
1749756790121 0.5458710193634033 100
1749756793823 0.4897097051143646 101
1749756797544 0.5213941335678101 102
1749756801515 0.5179545283317566 103
1749756805367 0.5354380011558533 104
1749756809812 0.490423321723938 105
1749756813944 0.5008705854415894 106
1749756817811 0.4896526038646698 107
1749756821432 0.5060799717903137 108
1749756825202 0.5258613228797913 109
1749756828812 0.542317271232605 110
1749756832301 0.4873690605163574 111
1749756835903 0.5162703990936279 112
1749756839966 0.4951759874820709 113
1749756844502 0.5148859620094299 114
1749756848177 0.4746096432209015 115
1749756851778 0.4767362177371979 116
1749756855599 0.5153712034225464 117
1749756859314 0.46847257018089294 118
1749756863015 0.4779779016971588 119
1749756866823 0.5032540559768677 120
1749756871149 0.47496646642684937 121
1749756874921 0.49380582571029663 122
1749756878597 0.47766390442848206 123
1749756882310 0.49303513765335083 124
1749756886163 0.5227785110473633 125
1749756889907 0.49519026279449463 126
1749756893683 0.5176547765731812 127
1749756897621 0.5063511729240417 128
1749756902074 0.4971170127391815 129
1749756906224 0.5075357556343079 130
1749756910203 0.49935775995254517 131
1749756914125 0.4627779424190521 132
1749756918206 0.48334428668022156 133
1749756922354 0.5071218609809875 134
1749756926144 0.510104775428772 135
1749756930095 0.48682671785354614 136
1749756934267 0.5107755661010742 137
1749756938305 0.44954755902290344 138
1749756942030 0.4830731153488159 139
1749756945801 0.5082778930664062 140
1749756949690 0.4953615069389343 141
1749756953460 0.5648245811462402 142
1749756957237 0.47238317131996155 143
1749756961292 0.5121599435806274 144
1749756965327 0.48902463912963867 145
1749756969099 0.4731110632419586 146
1749756972681 0.48041847348213196 147
1749756976393 0.4691719114780426 148
1749756980127 0.5091056823730469 149
1749756983820 0.5176405310630798 150
1749756987531 0.4961607754230499 151
1749756991466 0.5386492609977722 152
1749756995381 0.47667911648750305 153
1749756999099 0.504781186580658 154
1749757002763 0.4974880814552307 155
1749757006412 0.5191676616668701 156
1749757009890 0.5321696400642395 157
1749757013667 0.5190249085426331 158
1749757017398 0.5107470154762268 159
1749757021143 0.5224502682685852 160
1749757025369 0.47411012649536133 161
1749757029164 0.5014272332191467 162
1749757032977 0.5234493017196655 163
1749757036894 0.48313018679618835 164
1749757040620 0.4888533651828766 165
1749757044179 0.5066651701927185 166
1749757047764 0.4807181656360626 167
1749757051547 0.4657037556171417 168
1749757056012 0.4886535406112671 169
1749757060038 0.538121223449707 170
1749757064058 0.5105186700820923 171
1749757068261 0.515485405921936 172
1749757072379 0.49523305892944336 173
1749757076484 0.48408642411231995 174
1749757080613 0.523220956325531 175
1749757084883 0.5130733847618103 176
1749757088813 0.447520911693573 177
1749757092574 0.48391517996788025 178
1749757096425 0.4873690605163574 179
1749757100105 0.48902463912963867 180
1749757103891 0.4958610534667969 181
1749757107819 0.4956612288951874 182
1749757111600 0.5040961503982544 183
1749757115763 0.48121771216392517 184
1749757119649 0.5404761433601379 185
1749757123553 0.4707561433315277 186
1749757127531 0.5114463567733765 187
1749757131260 0.48154598474502563 188
1749757135003 0.49070876836776733 189
1749757138814 0.5023406744003296 190
1749757142610 0.5253332853317261 191
1749757146965 0.4955185055732727 192
1749757150922 0.4808608889579773 193
1749757155082 0.4855850338935852 194
1749757159358 0.47689321637153625 195
1749757163574 0.4964604675769806 196
1749757167407 0.4599663317203522 197
1749757171148 0.5247480869293213 198
1749757175281 0.5363371968269348 199
1749756417429 0.08322153240442276 0
